1000000
9282436
2956263
2046437
6766427
8953567
8464599
493274
7411588
196291
593120
808438
7115208
8634194
9940117
9155520
7674874
2138495
7544524
8189325
8610662
8219274
4626743
2894402
3854780
569044
8144678
4415597
4565370
1707247
5793033
6562449
6368249
1519050
7462549
7641697
6882430
7985669
629933
796461
9260149
4752178
2087456
143952
9673596
5960625
8499463
3659695
3976059
8141549
7769924
874022
8466494
6083568
8222649
9707225
4655692
61861
8191657
6197382
808888
4049001
5927903
5704341
4403257
4030671
4440188
5596158
1171644
2298419
2273090
9689205
1508562
6748063
8929175
3858483
6131818
4482791
3220806
7894155
2069581
4484983
439538
6423820
3937322
4919010
8095954
284680
3296400
7755324
2986005
6820568
9794012
4432551
9987573
5211148
8824274
6383115
5740695
5642925
1520436
2903305
2488051
1677639
5868459
8080719
9365460
1718431
7154393
4364165
3575407
172901
6841055
297501
4127800
6323904
3609463
9504082
1767018
9484246
5934716
4155508
2299757
3416319
9312414
5452521
9895192
7076011
6760489
3718027
5034209
9748703
8742095
7577880
6373719
9166275
1996931
8761898
555361
5856602
5553550
6377523
3130287
8932235
4179916
2813104
9979513
9496510
304750
3663668
1601684
9320191
4616096
6256448
9708208
7364927
603548
9071731
2365225
415937
8185526
2289449
4957941
3436365
9329956
3826704
1430805
9263174
3923782
4961524
4326973
4847565
8948721
5910415
3930696
9557193
1025221
3367521
9236402
6499309
5473008
398682
6771261
3096820
2116342
5714017
5132606
2485647
7869672
9008791
8562727
2925200
6396672
139423
7671076
3264101
1419581
9693921
9602279
353212
1382298
716338
5572728
5343225
9336695
6754118
371470
8705680
2325752
151015
6339706
7236026
9835328
5865915
4942929
7786844
5518187
1861121
1320022
3615938
8694097
8945158
1393502
4914990
6398797
1401772
8450893
8809297
8239339
666594
8137611
1331299
3765242
8883190
5117011
4756670
4825953
1428035
3760124
5362223
5342546
6426926
159894
7718657
2669085
1326701
3089871
530756
5196494
9884232
7745913
9558460
8373898
5986340
1659115
2437140
9322836
657738
8944428
7934922
8303225
1562173
466341
1659157
2013403
5008407
3470784
952138
748904
186259
2960890
4090152
8100996
5957799
8273391
2267171
8785263
3674844
2245904
5072096
8311901
7920137
3612802
8355107
2920681
8579151
2957400
7778901
7224075
2679871
5433833
4168215
2483607
5825202
7058998
3780372
5960585
8500737
5705253
7660678
7855917
2137732
9781851
5010235
6923341
3655761
1457464
2416099
7712948
9391943
3651876
5647991
8411833
3872332
9623020
383088
7949371
2111233
8738475
3434252
2051006
5691882
3728063
8069033
4752425
8792674
1606544
2275794
8898800
4493018
6306586
284526
7969591
4585226
7216178
6174169
8138285
8602566
1431765
9264920
7121687
541300
65952
7832131
9027994
9785842
5756382
8611275
6202181
6675910
5831001
3849351
9762261
2271001
5609671
2164034
8409668
1712818
257810
8130666
2049216
9181669
3517299
3219930
3085357
3367349
7678400
3826606
6656153
3448851
2244802
9346804
679468
9473555
6312564
1509705
5625929
5895932
9041038
4966582
3036292
2995268
6073613
2222890
8662017
2457234
522265
5698589
8975555
5052144
7764500
6425467
8344756
3301098
7215703
7940017
7024001
6846022
4746773
5660644
2107442
1929775
1955122
2753329
4431107
6484197
3169882
288705
5958436
4099965
6538104
2513736
2671779
5291227
5094374
9053947
3108056
1294408
4557913
628123
2845084
1979810
4851050
1604008
5684350
5819335
1002047
7378370
2257851
8372547
4485703
8779907
1149158
3380393
2859140
1106517
1040146
3320283
7791783
2177819
9287351
233559
9740152
4875589
8514039
5250764
3753687
3053529
8206724
8161755
4831960
5729593
2288109
4118650
2815560
127631
7078724
351113
7068979
8611771
5482149
5791512
8030854
7585889
9614262
7758197
1364578
9291386
2432087
3987856
8013801
9787773
3502625
2380093
1340771
2611525
2239657
9975461
3089968
433586
2065647
7948518
9171646
4096096
3540587
8756110
6491797
7030507
564833
2731508
4027792
689032
6251304
9180011
6695669
3495839
2202705
2154263
5261327
755842
3886185
4462301
621441
4218867
147954
5044186
2226968
9908015
2777879
204034
7887974
7103263
7261144
6635392
6546124
7533631
6619866
3934758
4045301
858151
1266399
4334070
8726552
9700578
9960064
7324769
3536469
4322613
5684424
7844931
408820
85393
4714133
2334126
6547400
7603346
7327076
4952778
3948142
8496400
6529141
6583781
4252628
360799
4843534
6924528
3427887
9615911
2633887
9162038
6875973
8267947
8108961
4403175
9489442
9552115
5735749
920863
4258802
2823184
1507717
7904354
4223591
4932948
9795214
7802580
2389129
4927018
87992
8942777
206554
1667087
9986615
5548901
4329009
4682617
81442
8365753
4857044
3035535
3896881
3920558
1688726
6522385
968957
2140873
1976431
310958
2844683
6995285
1867597
6406213
693975
1124957
6988683
8624787
2360189
9319680
565584
7040954
4535399
8500868
9527919
3691109
8955483
5208886
8281331
2560060
74165
4806825
9470673
7369995
6063819
1223267
8926302
7587158
6215627
7701205
3963990
7654341
5826148
2078171
2082334
3092707
7075180
3800341
973111
8861658
8560217
5704222
2322427
761762
7800168
7816090
8500136
5396012
4392638
7997617
7566902
5760071
3859541
9416371
236792
8037858
7524611
4497601
342394
9470708
2198654
9401524
2409160
4658984
5355689
2911243
1214805
2457228
6418534
6435212
6615928
5155142
4235774
9419672
3999843
4369943
2484397
8708910
9569827
8247729
2723131
3530289
3194520
8218009
134303
8203918
3794799
6409777
1841378
4044475
5568095
2577579
3457947
1502403
6663004
9158692
3295062
7663443
5406072
4888924
6601284
6042907
8977478
7957426
1381688
2411760
1524296
4439869
5416527
5866849
5553461
8815701
4927774
2094664
6747576
8668364
6207004
4191150
4524680
7151771
9116444
4805028
615849
2374058
867116
4038349
1697194
2733371
2756668
4841150
1074880
4820953
3302838
4680902
1646444
6680223
4552811
5237093
6836321
7722542
6679621
9354929
993249
5974529
8491014
6752394
7649804
1363282
4754826
7994639
2951688
9103912
3138762
8254300
5772480
1796255
5427058
6603420
7090309
7343338
714565
8790925
1683200
575377
4791968
732508
5512862
246872
448220
67353
4115553
969911
7354829
6802137
472150
9761514
3811779
4641320
3883044
4114722
6388545
333912
7978545
4762028
1889462
1970968
1682190
5048537
8908421
9850189
1253165
7949391
8146783
9492982
7007977
7888696
7671728
417872
1182560
7758506
1239531
7402932
915062
4687472
3879086
1981777
1749083
6336625
7782150
6010965
7984476
785737
2720376
2975587
954793
380652
812379
6921172
8685914
2820999
9050317
464324
1338450
598030
8814188
6166162
2823127
7861846
9794160
2583453
2089786
3393907
3458760
6124537
2875191
8985612
9418850
3291072
882942
9907685
221885
5345565
7266387
2897456
1865712
467427
5229015
5171196
8538188
6627324
7076316
750556
1731957
8361560
8708188
775206
6064481
317031
5873284
7712924
9158649
3887236
6542464
5198696
3921179
4590569
7326977
6595838
100395
1969181
961802
7521306
6038229
8778229
2599113
3704751
3197937
8440994
8732318
8346760
937147
7651931
9323658
3166835
5507136
1339229
1661949
5097199
7416349
2099984
2921130
9101819
7417788
3170018
749035
6334649
8803100
2067690
8976276
7275143
3140449
8633176
5070800
6569007
5665522
9555009
4712326
2953727
5762446
5003436
7577268
7623487
1584713
7526523
6775777
1506718
4563577
3375628
9691559
2581949
2928619
2229778
9179488
8000410
9048050
1859982
103518
2868211
8029194
6264464
4901651
1130247
9464717
1457174
5206311
2303970
2581130
2754651
7501313
5952127
6626902
8708221
9334752
2412912
4522716
5297643
7517106
9891264
6394240
9242316
1771071
5427471
2376130
6394327
4346523
910670
9453687
7070389
7520956
3805539
9451490
1844115
4924533
9497982
101785
6447020
8158769
127538
2320212
4471807
8925587
1808926
5874315
3739432
5955046
4220398
2895026
6766576
3477694
3750406
4342876
212254
6473970
8786877
4493392
9474179
8754117
3070390
7110650
4295640
2850282
5510741
5233694
3695773
6500636
4782787
3783687
9836769
2311126
8075695
7138873
7389567
7571051
1922433
316729
9962144
9553156
8636697
439280
126125
8015644
2687111
3592695
3770549
9462662
9239236
5370144
6137656
5004589
627606
7692903
5088379
3016888
8024571
1621525
3414846
6575232
2178541
7238796
1172259
436710
3058256
4455450
5401998
6611533
6953308
2641202
4551536
8470148
4531248
9921023
117419
2631110
6984524
6279995
163170
1918046
1463144
4233110
7261400
9412642
7646031
4832180
1683520
382792
2050494
4372679
9546480
300908
6901882
3386912
7374614
1397901
9267020
9689415
4957388
8231661
8190696
7159016
2509354
6598033
818607
7667508
473341
706583
7575483
2457268
6032363
1744575
1458354
1496799
5112088
7945430
9977395
1759616
2790678
8226075
2771929
5019206
4561039
2580629
3094722
4250628
1568265
1144335
2546408
8719518
3364089
7295108
1322607
1931509
3727350
4304127
1723756
663366
8594034
9978523
4358839
976937
2807308
9593225
8340315
7801904
8842554
5405082
8274824
9429183
1420505
7507403
6898737
6731312
5459731
3171489
2597977
9928724
3503310
6567979
6099242
9329005
8160174
8855965
9093178
8737255
421968
9526844
7769449
807960
6221673
9314029
3165581
2812155
3867236
1794992
2211898
4967813
4240314
5292818
5408073
6163182
2869511
3117225
7299013
5856685
396371
4591295
6471778
555860
1706150
1795032
7160055
2026055
3879280
5029833
2816763
3951343
500046
9603060
7379935
9315709
7635633
7466863
3207509
2106476
4341822
4086581
2864075
3664739
959591
7630164
5688410
8210492
1159906
9936060
6459494
5042949
1556952
3236492
8340883
5830672
3055066
7213589
9101810
4426641
2153973
1139526
8932875
8837403
8978229
8260554
4467766
4637253
7912882
6092364
8527549
5402647
9909715
5192536
1514863
6309789
1727220
2807038
9596269
4075986
6106622
8949563
866149
3943219
8570339
7773813
2394391
7263554
1262176
1549263
6260642
422043
8365053
8780868
9952503
3202295
5153706
4026672
4686509
2699037
3162397
1051156
297609
5067541
1408510
1056846
5133233
6364415
1721629
2031093
4103452
248027
7617320
5025824
8320019
3204409
273377
4989655
267063
1204415
5866162
7204212
3375077
6363619
9831721
8105505
7037594
1128847
5240033
8312568
1156083
7700547
8120529
6897232
913588
5055465
8651953
5798607
2534708
7513493
2640580
6029976
5541925
9231082
7445810
6012615
2804723
3339229
460848
6748093
2928917
164050
3759608
3482094
6832874
5958185
7676079
3933990
5235820
3303005
4019251
4004385
1124381
3409060
875010
6402904
2127498
720088
4112235
3264554
4552455
4474770
2454946
2753570
8563834
9836186
1662287
4143994
8917808
3819106
5300781
3698365
667999
8491940
5383650
992032
3940939
4638434
64357
4955403
7379385
4717963
562786
9231703
3494241
8636194
4905594
2132864
8356072
1042905
3885116
2084635
9226993
7196294
2195637
8454147
7709104
1006037
4918259
6996687
4295897
3532084
5016181
1416714
8002223
320886
3336386
2632440
8025410
9882977
2461964
7489064
655730
9156832
5885168
9834492
3911983
3223243
9259328
9927640
4930591
9529423
5787922
7874902
9933989
3216146
4471371
3471704
6296302
6929502
3282928
2934902
9720175
3067670
659505
3847300
9701781
9146071
1229479
3173355
5299807
2273153
4107453
8473094
8580941
6396052
1428905
70160
1311125
2361145
4542163
4485861
1746708
4990619
2066095
4766474
7744162
7141279
1482724
4786077
5849514
9864681
6336138
1095907
6600049
9527062
7768888
7588059
8497326
2037867
132710
4765911
1993763
6085973
4627832
2657438
5421969
7314827
9293961
3537937
1787240
4401210
2160579
3935157
2387339
8797066
1188193
4729555
1001575
5893031
6103138
2560502
7663346
6443402
7323840
5435126
5937015
3011545
1873045
9053878
8627163
3840845
1572833
9273258
2228434
9776251
2492098
5660735
362786
9408657
9344504
429335
7847317
7944787
2998837
1448303
7704102
2400980
8708568
7802982
8338868
3039332
6586484
2604295
5934729
7572208
7102565
5550361
8762132
9192706
6720422
2410423
5441782
240082
4910773
7946394
2828376
2887321
1706723
2611087
6304968
5527458
4366769
1592917
6548526
5673802
4713184
9718559
3444565
5875537
7731023
3536035
4302977
4070062
715009
5587830
7254361
8968538
3338528
4656225
2673686
6941737
6898602
1170080
2688235
6934081
4987552
7607234
3034014
5052442
8619926
4816781
694256
6097480
1498013
2811410
8672563
4993566
6055769
260926
2859023
7384005
2105796
2886595
1461682
3184386
8107446
1371719
9525072
9322943
692033
3859838
9548792
7050497
9937401
9363231
8628855
3196688
8904682
9614445
686249
7105950
6684545
8392122
7255610
2914242
2841778
8205497
2572049
7903599
6915266
2260794
2912768
3077601
1797201
5289680
4835940
4012007
9708398
9503848
8826635
3615833
8082161
3711071
4360409
4760087
5267988
3643759
6160079
2134781
4182555
5475875
6088884
6441324
9574676
5753073
699460
3713673
5630984
8547440
342608
9901949
8799669
1621473
2407676
8431238
947070
6471191
5253295
4647720
4527290
4616847
3488290
9400834
787810
7070416
9023788
2973474
4031713
2495523
7646253
9198019
2045417
437267
3721044
1439391
6171910
6471444
3502924
6044128
4590219
1122267
8381023
1160957
9161239
8924685
4816163
6460688
1303394
5929171
3813017
8796797
8390463
1512358
7607491
9565707
1987585
6688049
5653513
2504260
6729285
7725986
9681960
3135460
901187
1144589
7856531
8362402
7900429
968285
2259327
4475625
2968266
9209167
57500
3405023
6235823
2327333
239594
1863124
2254252
2563100
1670079
8102542
8682505
8849455
807556
533059
2829776
4155336
9451806
9483861
817930
998663
9314843
6864233
1440307
5245562
259769
8016650
1068154
6453761
8560258
335109
3669843
9337391
5828531
9181295
1454858
4202467
3329883
9660252
6448454
3790389
250008
4166185
6055907
1579417
4452955
2051732
337032
7323472
5532625
3745092
1516479
2775466
3657695
1969602
9894324
3193267
1964716
990261
2067563
2222944
794969
5800490
4002841
1334970
4432698
9345113
3020923
1626260
9078201
8627308
825453
9791553
3035406
7027540
748655
5148657
808326
9860889
792607
8208037
7679617
3744682
921135
4815166
8818630
894376
5679696
3858928
9286970
8261590
2237751
2339622
7592688
4225510
2995420
4449518
163343
4720936
7146719
5107841
9030808
8710772
8245271
6905316
2919638
1724925
9740060
6630154
1220947
4745666
2384940
2103826
197653
3859525
4543327
7050286
4879354
9187674
2516339
3538322
3665416
9161995
2339289
816610
6389557
8485830
2198864
8809895
4032120
6299136
4985313
6087389
2714170
5684766
9177229
8968845
5499411
4015818
1895528
7093704
1154316
9049542
2637981
4541304
5876650
133924
2141969
3733163
9682183
5945133
9570163
975669
2204596
3608397
1442424
9868813
6371482
7428660
515759
4433807
9526060
930164
2598033
4921810
9760352
6297551
9389656
4512887
4682296
5574481
1550875
863536
7292146
5422635
2384005
4615874
6524013
7797985
4939960
6255632
6343861
8465701
9127712
8086987
6728973
4009644
3882792
9105773
4242341
9308416
2597362
8070750
3500059
7461720
7567644
224152
6451509
7716170
4780951
9579098
744267
7629081
9050867
4107701
4394257
8706627
3683523
6781961
1224391
6826550
3344799
8573496
2488700
4260126
8089945
1060358
1802451
4511045
8192836
5750708
2414758
283883
270546
5373879
2977118
3480124
7363476
9830426
7854990
2159853
8164364
8807843
3017034
5360861
5511365
8714780
9414834
5020011
3692729
8022346
326121
7100830
7881381
7415790
5963616
4023866
5582050
9239932
9371774
6507285
8421700
1940463
9523333
9030242
7164339
460383
7358535
3676987
1130582
914133
1343150
3853097
8926971
9064537
8662186
4536956
5556462
7127838
8748761
9375165
1645524
6782439
818315
170490
5424587
5313928
2402501
2854755
9410262
8953252
7898073
8123544
458651
1347704
3738153
6223900
9284509
3986791
8196521
5050981
1356244
5737846
3889429
2778596
6679196
6473024
8173859
8816844
8753604
1426660
8467403
8454211
491171
9996608
4861760
1639260
1122148
9352843
3605655
1850411
8057882
4503780
4266724
2177329
3016059
3219605
3394445
7579266
5326384
2438285
5252447
1569671
8931317
3697780
8018920
5907678
2893010
8039719
3491293
8951563
7140069
3585657
4101151
7983602
485849
9443862
7632373
462042
6485944
2098892
5101752
9931665
381135
6346110
6993099
6852464
1471121
1712099
9762536
3459590
3078578
594592
3490459
6315318
6174213
6897732
9522894
6793390
1977688
8954082
8746250
3082428
5861550
4654092
4710342
4472224
402628
6283122
1691480
3572197
5587232
2932402
1093322
3227492
7336533
5320782
1188535
2585206
6704681
1166456
4436556
1180910
8277183
31702
5872984
6545476
95198
7785832
1809388
3588116
9920968
838982
8484354
7531861
3352642
2019323
4070115
5727043
1635768
2520874
6449835
5187998
20619
6190339
7872358
146175
9501270
262967
8978785
853431
5709196
6937688
88709
811232
4517525
7565339
4805245
5829847
8781107
8164865
4377026
2616796
4473733
8103363
3651228
4748250
4448048
3561460
9874849
5317209
1250666
5461492
949437
4183806
4716620
9248558
1160290
2086843
2159344
5726809
7044206
9832230
8807047
955957
7878920
2983280
750272
7673122
3014336
5787303
7214078
8240267
6945935
3470903
8143848
3833039
714264
1917256
2539110
3124108
5698126
5939809
388117
3661575
9602764
247704
5988250
5904903
6094611
5268967
6405048
2718401
3670502
3054298
1120659
4544795
3809748
3517776
224442
667948
3997977
6774926
547124
4087546
8103130
3010399
8515556
7478534
6039957
883580
8534293
9243034
9547732
9035236
28682
1104396
9444112
5145471
1353193
7631215
6995029
4845368
1578510
7745369
9382254
4495676
4569764
3891637
2350243
3599053
23290
7196488
1692813
1871161
9126130
8923200
5392685
6300571
5558444
6592365
1732148
8509715
9864946
5211031
6734674
7162014
3170669
4635266
3025615
16262
5100682
8664277
2164583
2593227
3672918
9152609
5196415
2801754
4705292
3607454
8440634
4623918
5128290
2440904
860289
1337804
7550220
7676571
9909105
1105481
5711711
3143541
9587026
4760828
5899066
8485314
4980422
6367479
1010695
2220239
1325007
9934498
866021
2333981
8498370
1359013
5031905
9099586
8198242
9973521
3726785
2590930
1595279
1950990
8151730
7108230
3381424
7424042
4350741
5396869
9611794
5494097
4726160
1920134
4304551
1957141
9077250
7403755
6694160
5187604
4172186
8828936
1791059
2485052
2282446
8506136
3757896
2794309
3942533
9501275
6305899
8450634
9478328
9935584
7378696
3120780
1548262
7636036
6609097
8790836
5103890
7556379
2016738
5613825
2608445
5830909
5208337
8945887
8029430
6541229
2281763
7628150
2405425
3010638
5801334
4897849
799870
9110226
9668543
9645594
3350334
587115
3481508
4849465
9090970
1161160
6015769
4790576
4541437
1183770
408879
1441214
794657
7903324
83713
6615806
6812198
6177233
9876607
6451537
3297798
4812008
4764878
7401304
7219512
8677748
6045209
6467689
4134249
2480847
2320910
2438035
7967492
6963502
5440502
4516775
4074871
7167272
6522855
1447285
9815140
417760
4404450
6845660
6132349
840548
6833492
4502100
2926924
9185527
8085651
4622636
9233619
3217006
6347795
8538325
5822236
6080204
7629952
413221
5115951
9548079
656327
2060589
8862860
7970843
3473721
3831155
2462822
5566938
2540935
9644925
9654378
8429321
6636397
2880037
407557
7919218
1268954
6378964
1844256
1543108
3540765
4948721
4395196
7698273
3204415
4750486
615706
6902176
8694538
7994666
9537319
6109634
6331334
267060
9761433
2343860
7982800
8161505
7366826
3002337
2039277
7359986
6644592
8440725
4968258
804297
6580608
3467758
8130767
7903018
4811249
1250988
8568965
3572842
6007314
5707605
7665393
1164587
4766427
8723235
3215448
5560646
6872399
4546268
107605
3544744
2097987
6369336
3118604
8063697
9936417
3107448
9012137
8841918
9503830
6180779
8304129
5954471
2730014
2400118
8169877
7147948
8771408
791520
3183417
8286331
7540668
2758491
4259746
4053828
4678467
6818213
3395078
8643591
9786889
6478631
487586
2098323
8333119
1423514
8706310
211272
349153
67070
7966600
1703801
2238851
9727046
4069011
9826535
7403476
1710922
8434572
2366309
553358
6067499
6789237
6080879
1362851
1821274
6004075
9339495
2109590
9064776
3385229
3118204
9712370
368546
9055029
3025199
5693192
6205806
7621351
1306500
3693807
7958605
6798794
8704338
2824919
1479615
6047479
7813622
8689480
4433210
6650351
2967545
8383641
1028768
8090232
3719389
9689394
4406706
735471
6511845
5419438
9366814
8101681
1284377
6681840
4848396
1991430
1870304
672016
1043812
4133342
1197670
4089570
7128071
8672501
2594753
9268704
8084899
3255960
9883235
5773794
8190453
650015
7676379
2414424
417684
4734563
8683602
2278313
5335640
3335804
1286486
5470334
1109506
5887062
4326993
9856923
5514417
2022497
7976523
9488185
4177174
7141605
7645667
299868
5452681
8877974
1255569
2356266
5495479
4450684
1604495
1150746
852235
738050
7228985
8716798
425302
8869953
6264156
113832
3307828
9591991
5336376
7708008
2846856
5727335
2980064
1241009
4345507
2737830
3754287
6062401
5279437
395050
1596619
1048847
3004348
7376511
6961742
1539710
3478993
6327335
6782834
884955
1731309
135740
4618098
371455
8658076
5610195
9431621
6644463
5758341
7862690
6180357
4585183
1805228
9937659
7453012
9725346
5897909
14560
8010758
2757649
696397
5542094
5871308
457185
9141430
6180137
5712449
3048791
1908211
4724445
6634838
6980492
2809156
4451421
5976698
2711115
1109236
2608608
2582932
8735312
3306208
7109823
304059
7416746
4214693
7011436
9243619
3066689
9923498
7236395
5641800
3464433
8316577
4025185
188558
6189215
4264431
4160913
1230025
2477939
9897745
6382830
4736252
1033895
1227851
9199864
1776027
7353806
3960960
4741896
8616109
3289300
7431627
9275446
9451440
3586573
5238034
8454561
6242492
2129993
6936518
2645760
3125292
4671815
9082644
3170405
8663915
8783971
4262863
9787483
8446684
6948323
1378583
104992
8837566
6923378
2373570
9270163
6188895
5014828
5235409
1889812
9105728
5181602
8620286
2352500
6032805
9041131
4573745
6601984
951180
5809869
7918420
9100031
5541421
7251984
3257537
64437
1951251
8057446
535949
2992056
3090943
4173476
6295211
1667785
1910717
7326634
437879
2528061
1213002
5967870
2265666
1227664
6894584
5046705
3540032
7943689
6051528
6730144
7137599
9622783
4210225
7660878
8836303
2636815
9029902
2278551
4563571
1585581
3665841
2309133
7318912
8131448
4478878
2243353
8798868
4932251
8886390
6952500
441783
8706170
8603251
2045684
5388981
4983310
3544202
6690756
2205446
494715
3711952
5313847
4012909
5221107
919847
913166
8781830
5430064
5337173
3658396
2637882
9632165
2763063
8852297
8862220
8903869
8648957
4134217
6748785
4651231
6247836
8607780
9057299
9099027
6288360
8431428
1019531
2164541
2271896
3852992
9092612
2339145
73104
4068856
7873629
8351993
8296223
2097805
7211601
3565712
3461522
3368803
9595078
5227994
4314617
809617
5943107
9750954
3183464
6485112
6334352
9409984
9941971
7554215
4246878
5104172
6256548
4913881
8932746
2488418
9893634
6617289
3158168
1484181
4565784
298737
9559060
8694206
978668
510226
607645
6551152
6922616
3183073
1189708
2879033
9012702
3829305
4784409
5478742
2488320
1268577
8981077
5786784
7518639
9682627
2397174
2518889
9821977
2769456
2095444
3382342
3165059
4723183
3672078
6844233
210635
8110897
662209
4015880
1250557
7248900
8772285
2673237
5877466
9783200
2487368
6758897
6364506
1367845
6091470
2427243
129472
3454003
97
8625056
7636212
7371383
3965541
4883156
7901562
7040171
8872229
8209211
8414782
7225303
3386093
2199432
9510995
4345475
2668397
901804
3167095
768528
4228185
5239420
2496291
6307839
9909318
7735439
7195259
5638277
6154383
8454132
6677986
9668201
3252869
9711055
4723085
5047021
9208020
2839252
4145356
5779053
6114318
4210386
8376671
563074
4258454
8652163
6397106
287935
7247902
2019030
8699448
5189665
9260148
9360943
9225817
4760677
6128764
1328372
7462065
6230101
7687896
2263285
885788
418096
1531225
8746581
3972433
3675037
7476346
4463973
5137454
9829144
6756448
7388041
4654210
17799
6862748
1933217
2049384
1257155
1338332
6907323
8390375
4135352
9754684
1488321
408053
3891926
485237
9962408
8918257
7879648
5377187
7915254
8091156
3851033
3324598
7958574
9031849
5511873
4679729
2722069
2811588
2783928
6881575
8870303
8433216
1872106
4706733
9208018
7897928
4195547
9278987
6204910
4891768
780573
3872909
6750435
663412
42904
8338527
80507
3189799
7513938
5545716
7257806
4451957
8841194
9296884
803176
6693201
8904173
2901368
6537510
6577425
8616263
4095734
5606446
7253776
884380
3055104
8535946
9185192
1277219
2064479
4722709
8600660
9172277
3023485
7310583
9978123
6574162
7295161
8988944
7173345
4599222
9532269
5297650
7238212
9623769
4418345
9592022
2575221
3903556
2514816
8993755
1294178
2741476
9627484
6275505
6684838
8266463
9496659
9779032
6987799
9802581
895314
1912579
5449458
823006
8657146
5279680
5817708
1986301
825053
119039
1609011
3912423
9364165
1978203
9083994
8798083
8368233
7630007
6466034
3463082
5960725
5281635
8762403
3070724
3428531
5859183
9544792
6747980
625744
1711659
7077503
7516129
2001145
7370764
3703907
7619689
9848191
6415206
966622
9138665
3774313
588920
3078503
2395777
7384743
7381755
3377311
7649281
7191510
7886754
9898229
1866651
3312997
3524717
3841856
5613678
3150176
2378734
7394475
2797962
5734887
9069728
1360556
9113393
3041536
4092882
1911278
1993400
8274295
1464305
8949892
1953027
6663384
7327369
9688768
5371804
2203131
6366626
5685980
6046775
2481871
1895511
9556469
2738990
1813429
5210851
4203132
8476427
3528908
8090229
4469512
7469457
9020730
8168660
3403777
4704584
9228364
3965110
9354241
3291861
5470477
1383911
9374986
5727205
8936862
7945202
5203267
5985628
3835948
8470051
3410546
6783550
6692753
1347699
316091
3839376
9513258
8621566
7299963
7830684
9889749
3434850
8464491
184065
6994792
1480434
2932296
8494724
3923591
4984183
6143439
8238021
7012384
2394119
576298
1097959
2520524
3829264
3802127
3868227
7583
8217504
4640479
5058857
4679682
7685962
776703
7673031
7852569
9564400
5191326
606798
6665147
1523556
3402111
2035626
2919420
9190920
8732413
7456428
5012905
6708543
2062036
8851764
2326611
5172525
9771165
4298634
771400
9218131
1318851
5683994
4819438
3431735
7823100
1672245
8794370
3405634
5504382
9308830
703730
5259265
642155
4359191
9792857
5536641
1572873
5488828
8992007
8540671
8178539
3329604
5096851
6345699
8855322
3299040
6155467
5788715
2732245
9507157
7914796
6478069
6901631
8634437
8245548
9507332
5787359
3233412
3700456
1729865
3241256
9513786
3686537
9423582
6752697
9753640
6066388
7702845
9058906
6789969
3599652
4282337
5306626
2230728
1039591
7989247
587143
8473739
4576412
4524059
5516778
3005655
673388
5997225
1394033
4225660
8357634
2007717
6113642
285525
9749282
8339461
1788372
7262141
5299415
8664753
9643066
5673268
9593001
9101682
7232652
8452622
6729808
5942275
5907505
3632458
1171442
4670902
7594845
256301
8920189
7313620
8656999
9176396
6213087
235600
8840397
7689311
8029548
2527036
1396005
4058670
1589202
8773381
7040687
5260190
2493965
8044484
6931312
2374838
8346180
4913874
8880738
5474730
7291407
7064155
6275847
4731113
89720
7761575
3054217
3686731
4412871
5857341
1365336
2435661
9682461
2611975
1049054
5063814
9824355
1953755
7643719
7065964
7705676
3173982
6863419
7956426
8901587
647314
1138492
3126958
7739589
5220006
1910120
4006314
8432881
3182268
1884988
9148932
3959753
4109284
7599591
267973
9472818
7709274
9645798
5731861
7408045
4605026
5577728
9881989
6995430
1867498
2550483
6392425
7270155
1814773
7769054
4117425
200735
8319420
5829525
9442405
6623082
9927259
5947141
9192865
3947220
7359021
4002779
6500193
726986
1900122
1104061
5715070
4354163
7375745
7593145
9996401
3528183
1131558
548381
4296561
5069585
1256502
6131527
5872091
2669523
5517695
6736159
6618108
5413214
7767563
8948196
5640333
8279759
8157185
3644890
9545559
1762132
452933
1784640
49023
602246
9077535
9155002
5095308
763436
6835413
2038262
9894409
4221627
7772652
589241
9069176
7771038
1532963
4372820
5366579
3795732
75049
6523341
8429525
622862
7384671
1086978
2959423
2951925
5463728
7435311
6196977
3730855
8047586
8234269
3075249
9346918
499358
3694315
5992050
2101499
1036219
5108654
5834109
3479432
6841749
2396480
7640562
7178322
9879019
7869294
6746795
3784365
8278310
5749826
1687082
3929591
3355114
9426160
3217574
7990556
6195579
2143382
5299708
9400101
5841284
6163554
6174041
9538383
7513991
9722258
7271680
7838648
8380769
3265079
2759512
4966395
689231
4950092
3781112
4988191
3446416
5781101
3072906
7594433
688515
2412611
5452544
2297759
6547186
9145658
5991803
1073197
476741
8001493
5905920
8892836
9808946
6434008
7638148
678195
6222439
8102179
9664330
156761
597614
8908147
5403596
5013231
2990314
6720687
3240359
8405022
5645047
8229383
4544140
414478
9070476
7705274
8711586
3428673
711010
3876281
2991197
8368333
3730455
6198482
7361906
379276
7359159
3866676
5157448
4255223
7311944
3102917
8765751
5344236
6116770
2916144
6996819
1780368
7009015
439313
9307445
9826498
5905298
7586780
5428149
2247357
3457352
5491441
9822360
2103671
7722421
4209474
9967185
2346157
5110982
1295996
6426305
4399131
1546240
5024319
7654071
9123637
1563239
8985135
1093077
2542130
9463631
9199904
4297707
6154331
708455
6931218
6419657
271697
4568835
3164698
2463035
6143674
770333
5114549
6921924
1867718
4044315
3053777
6532802
3102469
3135731
6419594
233254
4820774
6489839
2597688
234127
1984695
2785241
183807
8263258
6920162
6493702
2886018
2783726
4257447
1193733
3668028
1395216
791203
7789816
9695488
7777321
1946283
8832960
282631
3628797
6431691
8102395
5786353
5079322
8509461
2452333
7990608
9406398
3044037
8966650
9476933
9664492
8110766
6697090
4434961
7486455
4385028
4901440
5542872
9649971
7884314
2330822
2664476
673984
376287
1658561
5741598
5312652
3440243
8642272
8286970
5987813
6207207
8968890
3802436
3882300
6998888
5104485
9753797
4467829
8503094
3479620
9739689
5290797
1716800
4003536
3284449
4094113
3354855
2209032
3392293
7044843
3290088
632660
5744483
4100868
5437918
5112368
4703034
6850900
6710734
2677955
5966155
4401764
679679
3489120
3457284
9141875
2894653
552660
487566
9280542
5147643
1075043
1146876
4404694
2591133
7373678
8957184
6372751
8374111
1647485
1957797
1231210
5249978
1242127
2697725
5574547
3224407
9701567
8444382
1886519
401450
2902896
7757094
5825138
7513465
5337924
4611117
8227680
546251
4142573
1199459
2802194
1721465
4111750
1897200
2215044
9485783
1339788
1509735
8064239
6155184
8330283
8476788
5063249
720158
4734944
9151785
9437552
791394
7882737
5917468
3193086
2108278
8601047
8879091
2244746
3317949
5321738
6891229
7253208
2762561
729504
5826499
4231537
448025
9155603
9509745
1138228
9344926
482680
6088764
1884618
8191831
380142
5731334
2071167
4426107
2693844
5104980
2778520
6186138
5173565
7436285
2663514
8225105
8006373
693915
3120418
5232658
9652453
8897095
4164045
4448559
4256526
5301678
5425680
2503784
4245250
4615223
1564555
5225198
8013557
92625
308714
1793973
4032850
5001254
1728135
2869712
6807924
7818638
624104
216757
4112708
1067070
7588995
3293219
3162985
6006432
2441652
8461687
6389326
5905569
9692473
1585585
1924719
7436058
3935304
5078464
305654
9567382
180856
8078620
3540425
7553321
8172580
5080939
7127570
869540
4192255
3005118
8965780
250706
8424734
1833815
8272990
3947287
335851
3189456
7712682
2132461
9340798
8238818
2173571
3102867
8835872
2107988
400152
8723128
9869254
6596791
1065949
6649670
2564057
7240541
7637781
2545483
6676332
6559386
2894489
2508055
6165648
2293444
1814177
9436534
9495907
6138620
7480835
7858657
3312595
7977431
7100207
745848
7365781
8173193
226584
1942038
5905049
437557
8717449
6064591
4680787
8404441
1000286
7595463
1939168
2316109
7686648
1184192
4196033
5727506
7270954
3776464
294966
5204626
5966812
7047354
6424640
2737036
3606960
2697251
4627153
2541494
5410533
1891822
9496583
320100
9283889
4390864
7013957
5695742
6640434
6238774
7841936
6829898
7827268
7761206
1293157
4218713
7497365
7179797
8451972
6296642
3662624
7585088
706477
3323743
450882
2161154
2206380
3179230
5517398
3168012
6830597
6020197
1437438
2139292
2993908
9108464
8098880
1619067
3032220
3295783
4170234
8500290
9087072
1032180
5934527
3465068
7377358
8205606
5754196
2205926
5239671
6427162
4245279
8330510
8878870
7825445
1185345
6172840
9869218
7122734
2184484
3834727
178344
3472421
9408176
1821739
5392459
5687976
4767298
2184693
6119833
5878297
4147577
5156188
2126408
5162333
8498016
9674297
7389215
6985814
4783796
4000773
7425033
3311471
7928341
403435
1774918
3106927
3260422
5168463
7923119
1926039
1749849
5909486
1111298
335507
8321946
5614650
1624003
4112788
8072608
1689381
3438307
3569503
6086093
9361373
2279584
9089090
6204102
3716536
9327428
1511048
8783625
2883404
2338937
8183710
6409693
6866872
5544080
9004741
46820
2285531
2427554
9598835
4261573
4193793
4128448
8238091
4044890
1790900
6840387
2883366
8050293
3276426
8913205
3094414
562466
3855530
7225378
8566968
8123851
2685827
6902824
9543885
5841034
6412071
3142414
8866445
3570548
2927588
3925813
1455073
70570
2619261
4065967
5787076
9261827
3839472
9307929
1892299
5232924
4041493
5044200
4413201
6876148
6444062
3460754
5507198
3970198
9244522
7621244
2554163
9641493
6977111
880890
7360993
5382706
2883668
3757800
7849502
1051378
5262003
4667542
1117301
7865087
5385314
2812795
5431031
9210458
3126128
3832587
6722993
4547600
5333078
3334043
4082357
7641626
2489622
2667737
9396972
2951316
7635216
4896246
4326026
5306343
1371649
1813579
3093458
1738371
6704974
404369
6378159
81671
1458427
840920
9970921
9373950
3926898
6548114
1490834
3631266
8029722
6296739
844069
5411935
898251
8006563
4308414
3643068
6798532
9719366
2893084
215931
4360828
4898185
3416162
365757
341515
5810958
6493437
3571734
9719336
3692660
2505484
2721758
7454427
6641322
3089172
4492158
3363122
4708407
3714728
5941508
1176902
5765705
4921594
1338476
4052176
8914091
4408092
3365086
7505164
9450390
4939839
6985607
7511285
6162228
5720842
6560242
7424758
9605164
9032435
8115940
54677
7919099
3911930
4337062
3791255
8122310
7957507
4256928
4917390
9816256
279946
2090125
6004638
6951575
9039028
8595123
9976590
2077686
6313580
1427424
1402866
3128351
6066570
268946
8752820
5519876
5210473
1292199
920479
6528930
7067399
3757957
5675971
5598787
5886831
3257802
1853775
584532
7547220
5929865
956583
151163
8447695
7688907
9170443
2849714
980969
559710
7123199
7125719
6583651
5347072
3291583
7605010
6713073
6926326
1852529
3642983
5584241
8271379
2911837
6665308
3336449
8388459
2748857
6521988
6414153
405850
1064744
5781225
6741348
9392058
4530465
383714
470840
1251702
4680655
8377662
1098502
5903106
4538906
4650762
4168999
3794759
9945279
1720327
466373
8070960
8885714
8960505
1405273
8210791
5000290
9275841
3018027
4291274
6814713
59235
4940050
2648455
6435560
575118
9494965
1341973
384371
7191592
816607
2907869
7134170
5461370
2245670
3474867
2544480
9681134
3732472
8261074
2496309
9541689
8443180
1028530
6055614
8343192
1520136
2104239
4375952
8530556
4391768
5254623
7365686
6179565
4436989
4621419
3437612
8450047
9467546
3963788
5155797
2827025
3410388
2753687
903720
7558504
936790
3424343
6714834
7930406
5666311
5319155
5543369
4756953
1794965
7273024
1616055
3911520
6592840
8092368
9054982
7390726
6966021
1853814
2799824
5561983
5542182
954604
1024381
7624251
37254
4094433
213588
9768684
3105277
9669284
6131300
5689493
124810
8497110
7406401
8095793
5389405
6445546
2864245
9072612
9711254
2608733
4384600
7163964
3005363
9526091
1857206
1375177
4908805
7765071
5861003
1556574
9953863
5341736
2016321
9982185
2399961
9090582
7893151
1571877
5105567
5774684
1651675
2125681
1141723
5926561
3786710
8095730
685966
959189
2001321
520475
8989569
3727211
5850728
2933449
6570004
3860417
4618888
511162
2237226
8838410
4859878
5340206
3808280
4574726
5735630
4783073
6480788
7424216
5695832
6298822
8552394
1292367
3967045
3936569
957057
2258919
6022241
7078801
5739381
3761475
689211
3949616
5763750
5340528
2567004
6226651
9491008
9082872
3412181
8539543
4471694
7381988
9334651
6267156
914806
6311469
8317400
6566996
190931
9003636
1614942
3261750
5263356
5702498
1968080
7697201
9760165
1914158
1976391
4311085
7838175
7540086
4771781
8475750
8149199
910261
9576456
8467752
2007721
9508978
5292064
7397916
4012034
7156288
1827128
1170406
1957716
7699889
3021763
4645588
3941518
9455244
6887870
6735745
2146533
7427461
8686259
61251
3372447
4869803
6466485
7576849
7106480
9101096
701367
6931608
2610207
858900
8117957
4544
6735013
9849648
4559275
681952
3711572
4217026
9249715
8107068
3875369
797673
5739485
2060276
8892395
7330803
369566
8382931
652215
8036036
6329217
721738
2224001
9515204
5095304
7137918
3042493
7715215
291435
4910938
6454920
4895520
8560199
1098816
9581932
3017218
7910574
4091870
4895969
6205918
3024172
7929507
8177745
579191
6185882
2574773
9130318
4406208
8684454
9775677
8731530
2318436
6279392
4574171
4529683
7396219
7780543
7219809
4754343
7421356
7639459
5996356
3925590
4338777
1652148
8979849
2237474
4640669
2478344
5875177
9420228
6277695
3486962
4446297
5011863
8399709
2543992
1644810
3329322
2520530
8007600
8636284
9030761
515758
6179407
4136483
8616128
3986028
6569132
2185713
5236674
690765
9337526
7474612
8566458
7027816
4003917
3838967
8927042
7206032
337299
4489649
1927864
2809276
355448
2453834
8831474
1833094
9562308
6129973
4852226
6135732
3890487
2233813
9413756
9003175
6965595
3409831
8159369
7515664
363721
8251446
8071536
292631
638502
8729463
6940169
6012349
5879839
7984046
4395792
8705024
2717767
6123289
2183231
3517951
6708419
6221484
160310
3725573
5305009
6783033
4423719
439159
7333486
9100942
6800278
7103713
8060856
9563283
62220
594085
5679598
1411378
6842311
2085852
6418112
1635232
2170774
1625985
5513664
2819124
5953255
1578261
1734180
6147201
3417964
7767197
50581
5895805
2294755
744111
3249521
4433796
2210655
3580687
3827726
7632376
2959144
1537560
1929184
9836456
7951493
6316555
7921826
3801706
3025426
1306389
9280977
97379
7099838
5073186
4050710
8534324
8211908
2485884
829778
2845458
8704979
1186284
5682977
9033080
7053131
2165051
7268528
9318109
7344564
1245802
9200722
3261623
8258125
8785736
8676088
633213
9696800
5677208
4867631
9636700
3656434
7932473
3121775
2111575
8486219
9953202
8795966
7221568
6693400
4715196
6221887
9724770
2750909
982268
8927397
1772859
5854583
2896104
2783325
5786441
9048027
8603717
6457142
1779624
2105666
6019354
1839253
8314101
6397098
3417496
8837524
2534700
7618253
1193077
9189023
772505
8064509
3571401
546860
7099928
3369084
46959
2624708
2629368
5023914
9475952
510714
7275857
9858339
6903228
4778630
6800696
2893882
9081189
588673
5052717
1475331
1342150
5908
2466865
8113949
481865
824469
3275904
5877671
3687186
2106517
1557831
1793244
8154891
3708349
2283181
2349244
5683396
2417357
9001067
5979009
3827773
6755709
2629714
5508639
4563395
8455762
9493870
8638866
2036828
9640817
8537063
604404
4136306
9297174
6722359
3565493
8079994
8985979
2887218
9222490
9348803
6751696
1336728
7369435
8952882
5482613
1703448
3194878
2495448
4451452
7210486
6663831
1587605
9073708
7647557
4586440
7376194
6958226
3550553
2026103
1330599
4637038
3840843
4046368
3569454
953426
7656937
8857716
6985990
8717688
4269249
6697417
9530139
9778577
6630205
7076077
5418981
5260278
6555756
9080782
6752313
6298991
6143417
7585376
2430331
1873231
9016799
5062597
1649617
2135918
6189299
1121768
5435425
861115
7891890
4711765
2910853
7290360
3799981
7999456
7825675
2845731
6208888
3777760
182202
513069
7133692
1809028
2443503
571479
9167459
2115915
402469
4469771
5273789
5031607
8493620
6255467
1616036
1696222
1936627
2594340
7208098
4850071
2528388
3147481
1261991
8669023
1886686
1918439
4165224
8128621
1460297
8556300
1255106
3906582
90103
2365656
7403173
1917262
4739538
7207770
2619094
1078137
2968459
4073383
719299
965654
5587326
2860282
6218144
6655385
5674323
2103758
6062828
5231335
5637632
1358816
1249371
7034721
9251077
8464669
9922342
525064
6406255
1038838
655617
1846168
3214664
1367207
4941504
6127964
8852293
9698774
6956684
4728857
9975245
6129961
1881612
8455005
2428181
296336
3081696
9026403
5700294
7509838
2454297
9356539
2493471
6023771
8268949
8731286
1116284
368452
2666184
6274868
7285427
2094030
4671882
1929620
3417766
8873130
7750990
4220119
7918778
90180
7803092
5975548
5147073
1333971
5256089
9507671
9477204
2794366
4606539
8954741
5382973
895938
4824769
8896416
8584540
1299077
9352696
7190892
3098257
6210217
5011680
8483841
7032590
681815
7443429
7881215
1458078
9951991
5037238
3555051
2545346
8861576
1107625
5610113
9706746
6478749
4209465
1159500
767681
8761277
9254081
8321917
5761912
3711442
891895
6389488
7269260
5775465
3345080
2118688
9520433
560097
1121861
1708560
5078500
9319250
8942958
4465258
3890541
7374874
8049592
9525213
7757128
1051488
6409395
6521396
9788313
9214656
9189670
2105791
7089612
8193196
6423211
4336980
6956136
6689762
2721929
3321147
9789919
1053940
611954
5682613
6606911
2918550
4034617
1985248
7739715
9399065
531613
387495
7535790
9744207
7268958
3392806
711684
9728868
564789
4710423
7302047
4370499
6601175
8054604
6585794
1239288
5029076
1327237
4136886
6784881
4752424
8388737
6597321
5621811
4675338
2836601
6762920
2366978
2918302
4838577
7016871
4424147
8781680
389248
8683042
8802175
4570001
7345405
924237
3030404
3625295
7227267
6124973
8011505
6019099
5419419
4452765
2557350
9096819
5367622
7889473
2707379
7848361
954833
4646640
2142876
3790173
1913978
5068868
4432357
6629886
8344705
6810566
5726211
7693552
2877900
5588818
6211927
9371562
7783619
6669287
7683671
402999
1106482
3159586
7525156
2263764
8585816
9602711
9255918
8383836
4205569
3270159
7550679
6949104
4309491
6575785
7826847
5742607
6540165
5012001
2656022
2276536
6491880
6400517
5280589
416701
398761
317952
3141199
9830601
8240837
3185787
1313199
8698335
205802
2304379
6741879
7795247
7121484
9879112
5204357
2311266
5812949
6048521
2424316
5074546
9259886
8777107
3384060
6302115
7761971
469319
2831396
2771617
4013265
5407134
3911119
4705964
7878996
7108454
1865002
8267863
6461512
9425317
142998
1019782
1956960
8852344
6743301
2005112
9833905
31600
8621122
6661053
9807644
344755
6463587
443359
3976201
206043
1156814
1621654
6933892
6839084
2068629
7771518
354391
8541581
4685069
4798668
8393260
2035915
9916250
13029
8014109
6936493
5849754
6387631
5905522
1404534
3117585
407542
2033805
1378948
6468209
7730371
1848196
6170342
2963973
3668510
8943546
3467760
729763
7672953
5951640
243348
1333971
9622428
7356687
2371480
665390
3415378
4167274
1944633
3611851
7797989
115349
8608093
8646944
2871150
4495001
75955
4537836
2571666
7088457
749272
9587849
5554944
370874
4338258
5923321
4184048
5577608
1016559
5855121
4925500
1306152
2243296
4061389
7770761
5602522
6227325
9030943
3534042
739144
9702207
6240267
89171
7767096
8670220
7615021
3240103
7523398
92823
9173508
8867590
8929923
8158096
584496
5202368
655499
5779026
9251554
3018429
6448159
6481342
7837770
3150714
6089512
8686351
6491837
7872052
4546703
876182
7268627
8267675
1045012
1003794
1832522
7386249
4509004
9498677
7787847
1700654
6723236
2683217
6660649
5484784
1843050
6987530
5995576
3148055
1658800
8859021
7115262
9823495
6975770
6012514
7085882
4257801
1864437
3089553
3999659
9080744
2178383
9742969
8693400
6647216
2824195
905833
7822578
7926128
6325574
3198246
693363
1156821
7991179
7550900
6295192
3764942
9820692
2352985
1307663
9101982
2690774
3343781
6213251
5687682
3760920
7445132
1291904
5032498
3917911
7574720
5521812
1419451
5499018
8707102
9522271
6980267
3989816
13433
2660589
937217
9164951
8069448
6822481
8460554
8165657
5958440
1832316
9424870
9717321
3320940
4437109
9511451
1781889
4897677
6389970
8834601
3529717
3005718
2886295
5379063
9613928
2790080
4008216
8750853
7676433
9273912
5657803
9284076
8028629
9314925
9775125
9807258
9692396
370446
9937030
4621326
6521299
7752697
7522024
7802479
5612815
1867034
5315176
596971
3137610
6010361
9637561
601340
2317132
687669
3450550
984098
7127137
7281526
1323289
6374870
4061231
8071627
784121
8891744
300636
2548239
1396240
402395
3545815
4629851
9819055
1411442
4960646
1768644
2313302
5777019
5483693
5083816
9766247
7746893
7474903
3411245
5613243
1666072
9636351
5056462
6966944
7340960
5864374
8791026
2680120
2410869
9047156
3562159
560094
8449671
6968576
8630280
7501842
3064575
470793
4912780
7051156
8507759
6191305
8226119
5640694
548488
8374367
7673530
5500405
2043321
7515278
3576395
8899967
649985
2458384
9118048
9255393
5244174
5581295
4055280
4538021
4754788
1949730
7408185
2364285
1398486
1208549
3863630
8808443
6853413
7581973
6701671
7276099
2562122
6360089
7105483
5474766
1410232
9415768
6418455
8966592
8190844
3290621
636798
4895590
5470761
4662192
9910108
5991287
7850527
9374886
2257668
7483280
6415512
374759
2296367
6558028
8783119
5861833
4242207
9339938
4510737
8865086
8646992
4461348
813607
6300296
6337844
4289896
5352901
3643282
7845161
5828405
9162839
5088688
6347176
1464167
1312932
2512595
6893524
6736294
1298440
7872343
957916
7478526
5324305
9218391
860587
2187362
4063722
547455
6691646
5548398
5173561
7078516
4455855
9325757
4643628
6175450
4081983
9170464
8324348
5620212
638385
4207245
1529725
6429262
8320440
1326824
4027582
832200
5245096
6270524
8968308
7505913
8041498
6638393
7907170
1168466
9137043
1595215
5439709
4150481
226174
4805446
6951635
2296762
654844
2084322
632832
7021419
6820538
5137481
8430612
7723059
8411945
5678228
7233957
6750671
5948801
8895042
897951
9533762
8159779
3231521
5302358
421122
6580090
7667647
9037018
7817461
1418587
3475162
7038407
2486767
3730755
4173866
5394038
5832939
7255609
9232962
5774417
6236117
693992
7006163
4011661
107614
7839912
1245248
9093967
2363270
9404436
1156498
5219664
242000
697264
5905946
5990701
6994652
9503087
6530512
5716671
2987197
3047304
2815370
5602831
3345375
8099074
5943844
3992304
4238078
284189
1401017
9495061
6715838
3120624
4661833
8839769
1153616
9219860
5194744
2581210
5334842
8573680
6673748
8413025
262088
8255497
6796406
1789502
7824809
8183165
8399385
6329852
725097
3516290
2787220
3188813
7878621
1403332
666285
2008539
1896067
7252944
4855888
2079080
8003419
1661437
8503826
7121376
6035431
7066176
4837085
7774792
4308343
3949302
381829
4413516
6373556
4402345
5340743
5089878
1302668
4154341
6167495
6054913
1884804
5071164
8769963
3199547
333403
1473019
961148
9750284
8553574
3186204
685142
8081898
3717791
4594667
409605
8600651
9751671
9675029
5754071
758632
3346080
624593
2021509
6775795
3134461
8373704
6815257
3476276
6062588
5576407
705871
7741725
1085449
8800975
194276
2932254
2891473
5304278
6787973
4562411
6105028
5086800
9221217
1122139
3264159
2299930
695725
1778888
3992739
6740091
5338206
1627638
8400270
5408862
2708832
1260210
3049655
1994168
65086
1959699
4657762
7484872
3687695
2977167
2480332
2943416
6996449
4916816
4400391
7477351
5709177
4447393
2887056
1191660
4653603
8259279
1403375
899369
3511635
834530
7677979
5036368
9483536
9322497
238201
9078232
9341455
5676586
6092142
8934065
9882598
897304
5239191
4828273
9904648
8620156
1399105
6244050
8641806
320742
5303481
5778908
7378497
6515388
1030914
890812
8740582
7208610
755259
4449553
9856835
2150285
8482532
9230556
4281720
9621393
8001335
4365198
2738966
3402100
3601960
1319863
8824673
5466325
7594752
4811872
9208202
8058782
1287011
6033446
6860173
5159325
2257563
3190893
5531048
1899070
7657870
2968147
8291582
9347388
337649
2132845
4921326
1642588
9077230
7732312
2414771
6008635
546553
283254
618820
7033907
3505084
5239706
6718781
3983618
6954234
1912172
8920635
6219041
1682610
681800
5921598
4721812
7589379
4697509
9892722
5291639
3699507
2382650
1963523
5033188
6073615
3391577
3064450
1469115
6398536
7182084
6389094
9862440
2397100
3199566
7512228
1003756
5414626
9826266
1654240
7017857
6472111
1547430
4944835
5745698
4047512
2072541
7664777
9655849
6211247
199514
4053209
4379720
7839590
7123132
2309127
8163903
8319731
5585632
960291
113506
2175256
5249666
7585082
9772150
5523077
9058195
3821940
8483044
3169571
4917842
9307186
7763113
3043268
2874865
8819527
2152077
7437814
6217824
985675
4001074
5726799
3408600
5257868
6199022
3128875
2009373
2022849
5273968
890438
9348325
2684024
9828993
8865974
1540733
4842600
1222445
3962347
5172685
222621
4989316
8250600
9181733
6486278
1293404
892328
6290096
1336451
4964725
8303604
157050
726088
2101907
4599956
6959217
4386707
8766655
9991798
1386059
6643274
3513703
7035345
8547972
7592605
3821246
2233817
9478192
8897138
1502535
8032264
7597082
8189729
2265129
5995203
5996359
5750473
6545065
6922321
3964463
5306694
6838779
672921
7058124
6970363
733387
8622236
582117
5229037
1906756
7154026
6075945
1230646
2576288
8529410
6708917
7953970
9702628
1589128
2665032
9059586
1414135
7392957
9833916
6932460
706522
1967321
8460958
6106704
8603597
1208744
7841641
1844334
6027334
6079365
9804494
2840781
9977221
1577608
6859217
5199009
1651700
4249155
6990382
4348508
1956319
6366435
5613441
3735719
9286286
8042388
6047845
4955937
4257289
4904876
3892558
9445822
839005
125663
6263841
8766066
161277
4475412
6625439
698012
9312385
4231610
5203311
6496922
8724915
3868135
7976749
8125019
4729911
7466022
7407885
7164980
402575
5485408
4976141
4340086
6353880
4725239
6820417
561209
5160898
2885704
7587045
1122458
2186807
358672
2001776
9851557
5313766
8093150
5037732
7176288
7623715
6292369
5036123
7724708
1163123
9116519
5010803
5418150
65638
7922826
226026
6791266
7496991
6727577
9043247
5353596
5149522
1923755
2412186
5436037
7654995
6064229
5537114
6426681
6644565
4080853
4310114
8366243
1866359
8125192
2811252
6636760
2428290
231597
9541265
4110205
449284
7251432
3176962
7237360
9714436
1402267
495571
7238072
2659677
795779
3625466
5459230
1315425
6648179
4702034
3390011
5680964
9601694
9521292
1559485
755255
8609442
1080143
7082269
4806404
6644559
3551791
1940445
5111573
3589266
4362975
7265393
7186312
4933041
4904312
7898090
8746793
5174825
5721600
6252727
5568658
8299042
3767003
5848786
455387
8850883
7050818
5218179
3423157
9421241
955796
2826595
710304
7981779
3354950
1839842
6171289
6094692
2430955
3069876
7850476
8555125
2126498
9070411
6432803
6360073
8272918
6382383
1743867
6803944
4643218
506138
3880094
3268565
5990827
2456213
4842438
5231357
6626882
5955521
9593741
8333611
8517287
5690332
2633470
1536380
6555088
9204532
1578091
3064469
1726800
2652100
2743869
2651723
8402251
7013533
6172543
4696591
9415983
4095313
577965
668434
3474312
6619213
4778022
449657
8946501
7441739
1990951
898737
6997403
939932
9467809
6475434
3476135
9516864
37837
6436166
6436941
4896422
9804984
9068385
4804291
8679397
5077143
1991117
7762268
1228370
4866313
8977294
6283669
145847
5815373
2531569
5377555
8925306
4859299
1898074
912309
2183812
2589879
9113349
7213581
679354
6067065
786868
3184290
6268434
9175588
8885387
6975695
9736377
8259650
4519560
4290329
1509580
5864143
4794914
1542069
2786904
2687388
7718131
2575425
3013657
4615067
6851556
5124558
6936240
1097879
4550828
4657564
8139762
5523856
4253128
2306543
691634
1854804
4124936
2612332
4290275
8806827
1493833
2052781
5980926
2001598
6547292
1886196
1295813
8241239
3867975
3061163
64385
356005
8125404
9496423
4871748
6537924
4199923
6064287
9215509
5662310
6248050
5170555
4624760
4227822
8835932
4212520
4006521
2213017
3598694
9654776
1739206
2182582
7251794
3980077
1193555
5665349
6594498
1012059
8067775
4965359
3828744
8695000
7229904
1489664
4593179
7783757
7398452
4756705
7434795
4153710
7654881
8060649
3396822
8627965
2558776
6323278
7428021
1753103
3165665
2334771
7879675
9082796
4642545
4213198
1321957
7881803
3104210
4145326
8302868
9206398
9943425
3187863
7996511
4250149
1833565
7553049
7940650
3135095
9634643
1052174
6814068
9249816
4778221
9444984
1999895
3678556
8785759
8623829
1421300
4870276
8237328
4841395
7846393
5733003
7085684
4745948
4052455
3016705
167707
6711375
4679547
3253125
6453837
8228396
4210284
4467017
64137
9146673
6794399
5005727
8382627
4292925
2118459
2113490
5520703
8629859
4304574
5197561
2213303
7643401
9096043
4480381
2724025
3432591
969070
5102030
5341470
2263508
7164464
7087616
3500594
4923945
2967388
2923268
6372627
3560942
2795979
6549825
5234699
7532878
3614418
9639085
1829429
6415573
6487649
3944402
2722935
5732902
212299
8455825
441373
8854893
803402
2524305
7615331
199165
529100
3021245
7259325
9108254
9125546
7800629
1982208
9706782
1505132
3458682
1325537
9195191
5740863
1959761
5833880
7754749
9962862
4680425
4028982
9456958
2650952
6308451
6944942
7024668
2379095
9608567
2051208
8708638
6646243
4645700
4120543
443082
5307936
6173462
3031842
9774733
9290499
6126444
8407331
5813789
7656876
2122646
4910440
3028966
2618865
3527743
9992039
8252538
2621945
2686624
8892031
6122976
8495323
8158373
7548212
4220648
6076303
234657
6729159
9516979
5749420
3273569
3060539
6859432
9338139
882454
3887255
9567400
8927919
6059146
8464250
3836417
6273094
8215193
1800081
528305
1398011
3915975
4405802
8851351
9616528
3798670
6086693
3959619
5753668
7997566
1947759
7149562
8625249
8811193
3698430
9055841
9397285
8890352
64368
4383306
9062107
8051008
3690827
1736411
9640488
424638
9324619
6562799
4222373
5055614
9849882
280129
6358292
7019907
2822637
2160327
5828854
7877808
9900450
1950750
7186876
9100920
1105763
1340572
8934694
6737692
942151
116725
2360716
9408408
4439131
7382742
8150824
7416774
1466198
3347002
225148
2669391
9210862
9191889
4474051
9523894
9737245
698054
8147684
1667629
791270
1605342
5988556
1538102
3226986
1519477
8989901
8113618
7196430
9961186
6945245
2350254
2801716
2902796
9482487
9207893
4202082
4813965
616482
2467139
2129305
8941517
5553708
9475634
1935179
3159463
8666945
708561
7476698
7662982
9363675
407709
3192888
7267064
5946421
9336808
4128168
822613
6181421
2919654
8392840
37205
220344
1505011
6401756
7874894
9867675
6308066
9709402
5266157
5321811
4923279
81571
5680544
9538324
1849753
6051634
6512921
9602923
67523
2852531
8281340
636920
9533447
597511
6537536
9157366
5534651
6956374
145679
5079725
3379469
8632543
7696827
4074299
2092099
8721173
4048696
3073877
4060285
3291788
2358879
999159
2210541
2341170
4440395
326137
7512343
7728740
4096668
3285174
7615246
1219690
6113898
67123
111500
9400285
686896
907500
9864220
8717528
4333023
9351691
9563722
186432
1942342
6290736
2384744
1606245
7446224
3128580
2002938
3439044
5542638
6775735
493651
7282181
8426378
7192276
6157116
6211398
1645022
7805911
2859706
6860505
7464478
2159778
2518645
7629704
3962798
2691814
8034276
3141196
3209657
5342757
8958764
3007188
1435436
2024109
398828
8149659
7941393
5906097
282516
968088
1282236
4176202
5677052
9338162
9573471
2829319
973906
3494619
4750383
3652822
7072505
6527112
6491985
2703217
2721953
9782563
3772090
4755039
7643447
4754410
5094303
8861742
229386
199881
7816970
7486463
5846745
6402269
6793447
8007457
8270005
5738924
7523395
1891617
5578268
3288276
6482726
3180483
8056232
1133479
1717907
4539656
8390812
9556834
8270251
2431652
6515202
8732218
9302155
616265
4377568
3186353
8262650
5528105
5873784
2420494
3946815
5477171
1521192
2087008
6982574
4571636
6701171
6742926
5382816
1333580
9003717
4600367
7124948
9433677
3299836
591607
6698807
6509968
3036502
554646
470929
672551
1929629
5385317
971260
7114526
7100114
6177182
3629888
5083652
7476274
1995289
6017833
3157774
9341460
1005555
1659290
5969224
4150904
7146270
7838484
1647885
4174018
6936670
3427935
1914835
1607269
9868478
7316429
3785961
6487545
1752682
2491603
5319137
1949564
3274263
3547541
6135874
1115747
9868047
7471522
523989
3113038
299164
3857306
7008427
8582534
3967173
92216
2294280
8932316
729583
2359063
5890231
2716162
8823044
6498533
4992958
1957382
9056425
5507257
7231635
8860752
9843926
8596106
5723592
9503686
698695
1208210
6067196
7458014
5523416
4853476
4282857
9674748
7314495
8534847
3874853
3079364
6419507
3332301
7640095
9776261
5022148
4853645
5757961
9393618
6601371
2602975
3126520
6775730
8554583
4178491
2059322
4360790
239887
1663236
3269111
1703058
8133714
7504741
7883838
2758963
4025019
4836266
3408899
5876107
8076206
6215483
5401666
288196
2623679
1913593
5537874
5724124
7867161
7455373
3838603
4990281
2838144
6329973
2902314
8095719
8081690
9291466
8903431
1344924
2794154
9922066
9434860
5651258
5265735
2171795
4945650
8914765
5448462
4881132
5751242
185882
1444745
9881854
1317412
385888
7201309
2838323
4152050
6640989
8640617
6335198
6493628
2784513
7824632
8278830
8864913
1803741
4602427
9788118
4677272
4733553
5932835
2063974
3081952
8154139
6780622
9750407
5022460
451884
6967943
6623108
275661
2986029
1704131
3652721
3545535
2956289
5012560
2516425
894410
5243367
5139416
2262441
2704307
6458956
3428437
6650347
7826626
6986905
3306882
3141909
4312338
5660343
203859
1017689
4253047
9380771
6799902
3163272
3605266
7450901
7815862
3700166
9673045
2017508
6059536
3507599
1080382
4171911
4733294
5908623
6791180
2086001
8893708
9433905
9594136
3670393
9359667
6622996
4725701
130275
1923781
8035554
7145001
3826034
2310770
4615317
2782169
686442
9399673
4164764
6156387
1849288
8911159
3443509
7427504
1439250
2589396
686799
399419
9920838
5569965
3654714
2253611
7398258
6350728
2226336
6766635
769954
1423552
582654
21103
176905
8437570
3474991
5527119
9780307
6555164
5847011
9706737
1444219
725429
393939
4772237
568529
9752236
4941892
3174842
5450198
2006400
8154886
1080996
8672868
6223576
4804863
4560309
8269067
5781943
9746743
7475305
84434
7848682
2012215
9262889
8817019
4143660
5979481
3411717
5436168
7916389
7647196
4884086
6742385
980061
8955200
9195408
5176025
8882476
1685081
7646022
1408836
9051494
1316436
8763553
3268666
9501657
1348235
3953329
3632707
8914681
7258052
3998364
6808420
8371705
9622303
3595537
8713214
1131049
5955218
6424868
3772754
1530174
7738673
7533808
4359203
3270799
4338611
7692806
7268376
5609454
9384284
9386590
4096861
2100721
6066468
1032939
6532245
3248661
5994223
9315361
2795425
2026152
9779009
6521487
658337
3648832
8075665
8370679
1357757
5359663
482194
4044975
2927258
5260212
3873267
9878661
1312821
3782627
4404350
9997866
5163045
3655428
6684953
8023253
9530396
7871462
9901502
4707699
2305237
8589364
7063291
5464553
5136826
6639856
3629443
1746602
1751165
1217185
6875471
710370
5195134
5967932
6335049
1908712
5127259
5339308
6459331
8836648
8227453
6187806
9720118
2749617
8844310
5996356
4152316
9139996
5341199
1755755
6991090
2786875
3747329
3367965
6065442
2768392
8296371
5017640
8908149
6287402
1630769
2126664
8127496
95635
6907156
3693979
4802732
9195113
7320379
4776240
2895993
4191087
1412130
1064854
6480245
6117430
8869245
4313674
6620242
9140469
2487540
4489447
6405403
9995409
4226095
4088596
6963041
1827168
9902489
3566656
3612340
109619
6431159
171929
7205879
6100789
8060310
9624483
5842460
5150331
1193624
4957202
1819617
564958
8859761
2800003
1374745
2682475
6887720
9948011
3899147
3982697
8397397
9767679
3799862
7141321
5721261
8132086
5869539
2818560
6730938
2975563
9292623
3753722
1163899
2786374
7759928
1240200
3858974
379456
8057120
9244762
8471213
1469911
7946844
7530337
2669829
5840444
1135647
1426092
2713850
4280565
4939448
9954477
9667509
9629643
1712221
6663479
6372067
64557
379527
9928223
3754943
3023900
8419392
8218061
5664579
8065895
9401058
6073387
5040074
134545
8823501
6508263
1890891
4654384
5511483
6927485
1820835
6269524
4471491
9880816
6996438
4443447
104709
2450373
8036115
9338145
4086212
1534256
1074153
1096448
4868132
3794416
9999929
8128896
5489819
5447312
3050519
9728783
1865757
4603934
6439385
5062260
6386017
2579305
5457063
8431184
8063586
5013125
4118159
4784735
4842644
102543
5593065
498710
2931785
9311495
2919190
5969019
181946
6326433
3979682
7866802
4999234
3943626
5266412
5029084
6508334
3761995
9164565
64170
3876966
2092052
4403767
9867557
3441430
1934177
8057430
7525404
6993309
9604930
1274559
9073087
7416096
6289417
6253804
4765589
8201350
9501218
5197110
6178323
2528121
7081499
9546836
5539323
624252
8572583
63026
2442390
7312892
427979
1922849
4301590
5848559
4053988
907768
2750591
5698775
5725508
7057279
997607
1254065
5393786
8975710
577015
5051874
4906594
450706
8709816
7689822
500823
6827733
7007116
8564885
2986242
7536048
6795466
2545215
8864443
9243304
4868847
1871151
5615039
212511
6565329
7682081
6972969
3224528
3362107
5381648
3503212
9066813
2475841
2443938
4199503
4924258
7134335
8105789
8969820
487449
5717657
8121876
1353210
4752568
6812069
3600245
4915733
5736705
2862317
6517940
4112301
205376
6834332
6482204
2188431
9126456
5639025
5181275
2410380
2894934
8078905
1682066
7088599
3328167
4186610
1434009
4351891
4563177
4365381
8061984
401713
8689677
3575394
8376993
3525646
6746971
517940
862471
3400441
2965084
2766347
1236263
362210
6844167
1269346
3297836
2232480
5993637
255507
5073046
9285232
1953059
5695408
6074886
2408544
4035591
1033277
8025042
565958
5378059
9248353
352555
1371323
4800333
6116226
5422624
6629981
8457339
2956557
5441460
8608515
4776554
1780834
9445295
128586
6842641
1319855
244431
2058820
888774
9201529
8358254
4307670
9292335
8776751
8448654
2994268
7500508
5968449
9490055
5713693
2492898
296513
8022381
3716731
2413792
9864940
5561877
727941
5846722
6667854
3775141
3037080
4814046
6464530
4508678
172225
6250113
5946299
5565902
2715735
788845
5966221
9677184
6176530
890099
6044885
2078987
6023581
7667571
2428355
9129472
2488889
3466501
9727767
6115617
4480041
3758452
5728564
7714794
6977701
5757978
9516490
6212098
4220919
5426388
5321173
9493624
2827804
4268073
8276429
6744155
1554209
402546
6774320
4924848
6526676
619329
1845851
2826631
6368906
7785952
9538295
3060369
3418367
7538382
1286251
9570578
5086279
348913
28637
6413773
521548
8231504
8588201
6957756
1272354
9754123
5456264
750142
5568925
6551260
9251183
1755508
9391142
5684199
7575263
2086342
6692181
4802919
9588940
3860712
1912600
2901933
1345887
9191748
6219682
6456121
2793731
6682537
4140136
5750595
4407344
2478890
4239436
1862656
6222607
3322705
1814345
9816563
3652493
6772552
5163064
1095709
7257706
9817646
8534768
7782787
3669227
7734167
9963119
9199908
2878397
283360
759972
6167925
4501172
7619615
6885616
9396452
738074
4816233
6960392
8773727
6610005
9818330
2143915
6772292
7516072
7528486
9461592
4252558
271997
6875618
1150425
2816388
8697647
816891
5644226
1528241
656979
8436895
2786893
5059563
6719418
4940227
2872198
4123984
1718918
8071511
7361483
8602991
6437088
2417892
9078488
8836259
9812159
6389336
4485703
7439375
7673730
1762476
266715
6140741
8272574
5710560
8927911
6002778
9132934
7943584
7470277
3684280
1975388
5357374
8739473
2301179
2029340
1900828
2054309
1669778
6946132
8019931
5053374
9444561
167002
858600
7815469
7854104
7797129
2314166
3004228
2308311
6331188
8204851
3854511
8894503
8170179
6646152
6786989
1008857
6012316
6869419
4991050
3775333
601233
3677202
6627603
1079714
3678419
6777309
6806918
7911331
4335027
2815925
493243
9653798
6709101
822154
5973738
7413973
7895091
1073806
8205649
6818767
4939355
5161966
7353092
3770537
1502862
9844969
4130999
5383187
5113839
1045452
5657462
76713
3028880
1278041
8843327
6489800
4230997
6735754
4175685
1019819
5507247
5092897
7973283
3515263
7711608
4200712
2185402
7348025
672414
9373015
3113765
4938509
8663770
8172282
8835977
5439267
6324109
2857066
9576851
3833449
2646310
1423731
2797491
3289574
7158462
416529
6624918
5431060
1978826
9483938
3182976
1159336
6898121
7185829
1311519
9846458
7188682
3837829
6058928
7302149
7659567
6782973
4710773
5740823
7931686
718953
1412943
4856598
2442063
3404060
165690
1373930
7158903
342236
8373509
4083516
2295405
4683708
6356800
7295078
7575794
6754341
5369199
1188476
6190039
1954428
8040387
1477940
6860762
8989519
8250584
2486280
6798137
2274701
6173881
5863337
6712957
7056668
5357887
6439509
9003586
1768319
2988996
8574765
9318247
1809046
4000433
6555885
8812320
7228003
7551052
2504973
7481028
8763850
9726355
905225
1413773
3522297
9550784
5977258
2678565
9935002
7995835
3452543
5153475
7679409
4575792
4884201
4168354
2510171
7370558
5238737
9325820
9917290
8291491
5807474
3765344
6794433
1870228
4380992
7953994
1484502
2665619
9632759
1438467
5745610
5005251
8034287
2548346
5268655
4449563
3190660
7505883
9380629
3760943
9068583
3772484
9536453
3421290
1638837
7233253
9116232
2387530
6302148
9857444
2312314
3179152
7563737
472358
3918880
7139880
4619340
1652068
5169791
8023263
1194063
7269383
8363075
2014076
9407864
2674158
6541504
2335854
8899699
8060608
4179898
7732853
9945191
6156346
9222908
2034990
4228891
3373143
231390
7147739
8837762
9096971
6363470
9775315
9126152
2566458
7441513
7561929
8629466
8128774
9830223
1538591
2336092
1357366
2566880
1799200
5409409
7522377
4013425
8964679
691748
6780377
3487831
8241540
5677545
4579460
3233961
1407391
1249449
1883889
2910989
1246196
1420677
8022052
9185500
2097091
905912
8587760
2887923
6841406
5232644
8979575
3706388
770924
8230384
2641307
5396761
8587824
3589466
7423707
6625581
6706514
9359718
1266711
6455990
2057385
5609140
8121929
4097769
4546691
9332496
6034122
6312479
6745576
5217785
8584026
117913
4314039
2171865
469788
893287
6821648
4634453
7172018
3732034
1712173
3073989
2716906
11155
3036238
9182699
4646136
7817924
3825741
5258308
6204474
1886478
153966
1566062
7128114
6487951
2783982
4489991
8341232
7508909
9198522
2667095
6960811
5553139
9646358
2523393
1082722
6415959
3119677
6530419
9803932
2072061
2187699
7534677
4743816
8983396
2892234
8110774
1061530
5363992
4686360
8216198
2486738
1487268
9013310
6697548
9963947
2747977
5043750
3981837
8109305
2331657
6293220
9663109
4533512
9045078
6113178
7163766
364797
512845
8099977
8230177
4698246
7295321
5454375
4132413
9698779
2619289
6822245
8144718
3595716
4673208
3428460
2977240
2822549
982324
180357
5473542
6539829
2948810
2559445
8334744
1372208
9137840
8421114
7472275
5778840
2524590
3001164
5698737
2870217
5728467
7745976
548684
7264015
6456183
3517951
5191416
6032892
4880896
6998768
7344658
5925732
6899032
386121
3436096
8903196
3315980
6840559
3551188
8864721
639635
623937
7415987
7953399
9765232
6857969
5560406
8874207
7982100
8353572
7174188
9618124
1123507
5274500
7867248
6927232
2879776
5713225
6366365
7464372
4988940
9440650
1658932
5950041
5214787
2409012
4473176
8751719
4985017
8569079
2462860
5684030
9449976
6834015
2230582
5104530
329988
2595285
7498782
9598214
7957545
6317208
8050792
6527324
9824580
7726534
4802224
1624531
2518872
6508864
6023420
7602755
474193
6086815
3875780
1198985
8965004
1465946
2738611
7356220
2384793
6808687
3889189
9413020
5890711
1490157
168147
4289492
3043918
2762717
6597243
284491
8214442
6768151
9506827
8671732
1389857
5131608
6125460
7488253
7606787
2848644
6232846
8476152
2545659
4860105
5209836
3363161
2958234
1031597
6139526
8864042
9856673
142561
7213420
1148858
2428018
8637771
636612
8334422
7558386
512732
8580613
9756154
9911621
5738929
9388312
3706042
6579988
5204048
9809127
3833396
5340485
5250358
9749432
9536148
575840
5413037
6867361
1030606
6280321
6804986
1331257
2012320
6623191
7733201
427817
8071881
9554730
8357969
6243713
2752086
4494995
7791038
9929866
7094055
4268031
6476692
8564531
6806730
5471792
1503794
6783172
7754186
1222469
2306129
3523556
4606314
393128
7677272
573017
7014981
1770409
9606006
2054101
753400
9181475
6568292
3132962
2178420
5311111
1316431
4151311
8222018
8960335
7057041
9338401
7549447
5320491
2655377
5268116
4099148
6848505
60631
5558813
4776526
21813
3577070
789851
4317062
4209644
5821503
7678752
1877458
7784951
9228731
981676
4888989
5736937
9176466
7912580
7699739
3343729
6386111
1495618
4155361
7352483
8561153
8793850
4165428
2967728
5974109
9285822
7737751
2409155
6473869
166475
1709778
4047192
7277574
731586
5604404
5778440
8815900
7968775
9489608
3637679
2273852
437067
9731603
6075364
4449411
1812509
6144025
4742796
7568377
755418
462394
8565012
1403452
7424043
1460659
4783220
6624422
1349334
8235534
6535680
9941000
9468302
1311082
9062255
9271898
841796
8459362
8444879
2308176
1921298
4527829
8417335
2006010
517682
5078630
8124086
9062246
8090063
8518316
4161600
3141797
2994954
4840778
5718451
9704081
3144765
2643740
9853530
9270926
821183
9154018
7466566
9733241
2953927
3696678
2805550
9125985
669348
6803466
3607615
3353146
7699145
2434620
5647078
6227588
2045059
6559001
885769
2345413
3336572
5720973
8534359
2831017
4073934
3393883
6946045
4627524
5592630
9358174
6127132
8198056
8605832
9173952
1486992
2767280
7061263
8684093
9052083
6821003
2273080
8998101
8392898
1286596
4910701
808453
5442651
560334
9193699
9490862
7659021
6585764
1757970
7508117
5934353
5100210
619659
4635548
5659307
9560044
6750632
8178025
3533354
1311173
676334
5409559
4747314
8525192
947627
2879798
9166325
3360965
7506918
4064765
72333
4338471
7328075
7247762
7920316
3265480
7951231
6385711
5433825
6101768
1699152
9541368
6440085
1097714
3239599
6386781
2147621
2425714
3024786
9492038
70371
4095054
5464747
7081724
610262
9501142
6061138
6917459
9612706
6313900
324537
4298056
9078845
7693204
7435784
1595882
7772135
3371896
6715232
2393826
1608813
364921
2744200
7431586
9612021
1134966
8969473
3649600
5285593
4560846
732177
6740610
336178
8014879
3994394
5977278
8873723
246350
6637500
8419174
7204341
1033772
6773004
9119924
5777231
7401095
462522
8746880
3661929
1643716
8614646
8775724
5710482
630960
7883225
9705450
1350853
8033161
7469703
9475295
531668
2411538
1631865
5051860
5581722
3583926
3961878
1063966
3698810
1458505
2722159
7525784
6734396
8296058
5189484
575041
3591916
3624276
1654354
2210925
672443
222592
9987670
3641877
5946199
1956453
1030128
9705217
131654
4288944
4626425
840562
2776647
7162204
7887505
4792803
9401906
1721143
3538201
2193304
3439217
9398556
5048070
2203423
8921557
1088861
2041328
7414423
5441476
7308184
6113533
7726577
6378806
5258777
8802851
309075
2423867
7989988
9105661
3625269
2553797
4256660
932311
9409866
6832080
1881597
4749137
9572191
408552
396681
1173134
1870772
86074
9461049
8771708
1273887
5174522
7784247
4720320
4857337
9915125
3615704
4263741
2823469
8175410
6899848
4461755
7517869
8359352
7578430
2368935
1411917
2615482
9912932
9639507
9182556
8466244
5638203
5371343
7039960
6339723
2469136
7005871
5044794
6135049
4242760
7640503
6917756
6487069
7528964
5134552
4639620
3269668
4248323
3710143
8938092
9992918
8108841
1234455
9932232
7419841
7231268
1212839
2830122
8027745
9761216
9255289
173141
9821542
9589151
2807642
9536318
2412903
7680359
8517614
7445989
6609833
9218946
6688420
3932650
9259344
7543998
1030799
830387
2443877
7729314
8142249
8367159
6202788
701414
9189637
357402
4403748
5439111
9620118
9108455
1256297
4175748
7017049
6373832
4987470
7467361
7096214
6897918
4721322
5598233
2226717
5589308
5730708
6264154
2328259
773972
1420421
7301805
672887
9875843
6200468
382451
386245
298430
1618967
888129
3970352
9120128
399513
2450239
5132570
6973792
8060241
9409159
6189691
2434084
2201897
314587
8945179
1791982
447784
4132881
6109065
6845643
5502597
2552940
2636451
9938634
8373154
8415665
8936981
7101942
4766224
9744275
2907986
873845
3789503
6718618
4754865
4099340
3497009
7976086
6498404
2271082
465663
5252925
7529066
6321549
74462
9894175
8572074
1105833
8356626
8880904
9428058
2067587
4273385
3540601
4795833
9066026
8251678
4031718
746973
1983847
3513257
8030627
2207567
8315966
6501172
5315846
8644580
5483279
5559722
4845838
8294973
2471698
7634476
3837983
6379979
249672
5023874
6314901
9864171
8478979
9843591
7831148
8745316
5885320
316216
840399
6600460
248902
1922784
5688838
5847662
9465291
7229113
4514557
8757824
2435036
3045357
9213100
9820376
4758616
1249594
3088795
5546110
3510787
585930
6956360
4433110
435401
7160621
4546161
4042152
1936776
4167546
2267993
2140256
5682109
9285310
6322247
7999750
5660773
8715385
8395678
3560494
9870883
8998176
8829682
5242585
3119919
5080158
3944943
7204315
5810774
6494524
5105554
7229385
6754796
2285037
5234528
5299389
3359856
6407288
6165058
3088280
7376623
1646686
3910885
5297744
4961119
2374301
3075714
3149725
6723109
1213349
4159603
6043230
2853916
9528300
5675226
4512611
1756248
1713775
1313191
5355242
3215677
7341845
8231378
5442252
9061992
5038607
5385459
3397072
4050781
1022858
4639894
9253484
2550327
5307397
6183871
8224197
5087290
3531938
281465
745617
2004444
795218
481205
4597424
2334921
9062323
4375468
7226496
6609810
721916
3543141
1646080
5094097
809815
9872603
34777
3415308
8468633
6235752
9922511
6988841
9678642
9098943
5700251
6573455
4906118
3492903
7546518
3344429
7451029
9425321
8224310
1432309
567573
3350798
2420459
6860640
3633954
3107330
9999668
663138
8158963
6787261
3328864
7479717
2993813
4159387
1740511
5434794
6149093
4808889
6618657
7296186
358953
3756776
2325801
1696274
4780954
8023968
7428803
5569420
6828950
3882066
9158781
1296595
5318830
213771
4526523
7459016
7452143
3174137
9781354
5361302
6236083
9259372
8829877
2891381
5770078
8220533
3579642
746731
1752391
2111724
7195335
2642140
2806663
928124
1073356
6810796
1024997
724184
2079685
5609985
5678527
4430247
3834188
4276897
7628479
2032268
2160886
2780042
9632863
4281495
7982650
2974955
5027534
1257354
1060102
1099580
4926898
9434420
5926196
6560420
4444325
6682071
3817029
4717226
6686730
6516641
8489932
4390706
9140414
7715726
6434019
6727959
1094451
4171368
9682775
1805836
5425184
4552980
5262901
3737809
6059647
799600
1113867
7470896
4129073
4220380
7614605
1549308
9868021
9973776
1883898
1590576
4797987
5519265
1165659
8996455
613218
9116962
7590166
1111838
3542336
7770179
3639627
1917136
7847475
1254690
1880504
856166
1574579
9254266
5674396
373918
4171519
2188386
500773
3644725
5568203
6346133
588152
2466350
8902036
6940623
4522685
9166638
5831828
4843443
1929971
5575186
3005708
686319
1192617
6308221
6962814
4151062
195473
8289467
7159972
9196731
9623420
2874382
2339875
6758438
9974729
613755
4299380
1509979
7419057
2609601
5018491
7520934
3428251
4267085
8528810
5123815
2209802
6601713
3247494
4472989
6085307
3004032
9324718
6305317
7850457
888259
8061648
9366174
3411104
20456
1992913
2211306
6484752
6371472
6722712
7713770
126474
2143597
6965893
3908929
4867258
4321849
7424386
9320370
556694
5484774
7258068
6925532
7779411
1838999
1941260
3593760
5041972
2686983
3111424
6619387
3549663
6034558
8907981
9086469
2552107
4933205
8098875
7398600
616688
2807185
1036181
7056779
7544372
815039
4997340
66204
9635819
9338565
9605731
1763458
5579646
4348
5748622
2365683
3630191
1136116
1586763
1572104
8079196
8399153
7169333
3797769
3260048
103324
4164106
4091916
3235616
7879424
1356822
9934052
6222973
25785
8703682
7749509
4448592
201288
9381159
6964371
6841658
1875055
3957940
5703407
3081252
1347966
1039741
3545315
285935
6542297
5456278
1415991
3346442
6526770
9319403
2217535
5637851
7238412
3796731
7441048
6650933
905423
6830587
1756395
7981742
9671678
5540484
5553860
1300666
7999113
7917090
3428902
1754956
4622391
4730446
6204140
4441212
1465926
716517
1912082
9063583
618790
3805980
6693318
2423145
9940831
6587610
9696203
706382
6486146
2111657
7210180
6404557
1940111
313437
5936235
5044467
2201545
7721664
3409573
5807482
5485880
2244648
2286822
8625207
2027375
9661034
8724051
1796324
3115263
7776322
4171925
6521894
1884649
8377465
6032142
7099442
137269
9333249
8040911
3084068
5844280
4847478
4814519
5887455
706909
7024345
9814845
4308953
8794210
1159672
2239666
3744261
7306943
6104600
3577702
8374142
1519158
8068111
395770
279797
7863559
7899879
7591118
8709823
7939731
688286
4519908
3562645
4281295
8836792
4907198
2868296
9680752
325505
9963201
638402
7430129
6399367
7918297
5003029
9846188
4415097
3002113
1955590
5536656
427663
9214950
5780049
4799763
7658000
5580284
2069157
8937478
7761114
5220509
7944401
7256359
6104695
7947723
18623
2504437
6252200
27658
9957418
6252474
9371370
4063509
6981438
6141398
2939299
944012
5119790
149813
5392740
433608
3448461
4897765
5635528
3173167
7512068
1473335
8739859
8762882
6623294
3256507
2838040
3930817
1919638
5104995
2018799
3382042
1325433
8451643
7899673
2498592
3593988
4387439
3044695
5703116
6165285
6364154
2233512
9638650
1860463
6713987
460494
1919344
3544738
7327506
1772047
3046636
1620830
2931528
435655
8545288
3764578
7489317
3404363
6700911
3414433
5440552
2143871
1876442
4122598
9557257
9618579
6668147
2250139
2894148
6839620
9061022
1853070
9932412
7007881
1147913
9239823
9101208
6902419
9909306
2796013
918696
386079
4592132
3332947
8972163
1761211
8393905
8015988
9354385
8734014
6104670
983075
6343783
2288682
724733
4220283
357069
5516051
2303206
7095408
3792346
9669204
650589
487886
2711025
1193565
1688418
5923646
9287742
9305465
4663369
586898
3495056
3904897
2495737
5054473
7551739
8543495
5150434
7796045
1224674
8652159
2895754
4160134
734949
8077946
5509286
7643729
6283148
6927630
8882754
3585156
4599212
2813898
9003666
1249491
9735489
4104246
621921
7778598
72793
2470258
8728246
48920
4070644
5517772
7488018
2438886
9792945
5670259
6668544
1813574
365617
4507161
5870734
5140187
6773450
6490455
9752936
4633079
5684279
4044688
9640497
2360111
422711
1078213
5987685
681158
4901231
1246245
5318983
3447493
7921573
7371836
7723251
8754415
9923913
2846833
89490
5217176
589927
3070400
7850784
612888
259086
7069179
3219539
92051
6943163
3863478
4476041
3245034
4351309
5988842
2094319
6028104
2829761
6368134
9626209
2992431
9530087
6806860
7537655
8546699
351276
3221050
3892001
2993780
6783909
7116319
5216274
3926617
6400964
4535760
4043151
2613879
6193903
9027608
2101025
3353531
7858673
5895633
3737994
1037752
6770204
2073948
9096184
1932730
5277517
1695147
5924654
3555778
3220623
7097059
5687089
3783067
5532744
9304085
261612
7038035
3177178
225758
3308142
9826844
8647204
549424
6844070
9815548
1945691
9480440
9834201
3802152
4267108
6272678
5133757
3634453
3068865
6499903
1776495
8277328
4124866
1959270
7716263
5088762
1191665
1660495
705993
9303905
8848671
260083
7081134
6889818
8765996
5062990
176352
7632914
2587491
3911149
2390548
6220780
5229878
9280635
9987039
5797077
1860945
2122501
9288670
6947945
1963301
2052636
714202
9032841
7527590
1984284
2913168
1217907
2509495
8219380
8635179
6986708
9843430
7540164
966877
1685607
2399305
2944382
5036155
9204117
6096325
7500842
1046961
9157715
4109354
5555714
3047449
4844231
1972231
1919185
3227816
9069163
2371825
3758047
7340603
6796034
9545881
8048292
9362228
6781712
2149822
8958444
5123418
4368111
5275970
5403840
6377349
7689713
8313758
8301431
3397771
8916563
7086346
84552
851619
4462459
1005674
1556486
4923486
1971875
8936834
8068937
9245676
590309
4991564
9566016
4614882
6085382
199560
4170842
2139726
4351013
3582154
8254442
7054295
7137880
2377423
6678850
3881745
8705514
9178365
5357736
6530472
3670800
8521414
4311253
1982816
2287272
2906427
2878144
5790360
7989394
3124806
7390353
7844878
4080885
9712768
4533109
9376547
5709953
788957
291966
7490153
4142915
6161705
9046758
5334408
8831903
3030257
3713739
2085035
4326823
7674740
6217971
2793509
3579098
1538464
5574876
2068895
680311
7583199
2327610
3178954
7321416
8380481
4150331
1226206
6191800
409564
2973409
7425111
7844314
7302303
8171791
7916557
8886398
7867582
2387557
7509094
9474656
8976844
3150912
9257014
9192688
793109
1463536
314653
6906834
4596843
4265780
2542421
4137892
2464213
8696235
8126753
8461346
7113011
168737
5762433
2011373
7820551
9142607
8422339
56848
6288627
4240721
7024520
9502949
8301413
3907111
5711515
9150907
8065781
2594238
1703467
4432286
3070596
3986266
6528307
6916945
3835677
4319372
1594957
6143784
430988
3287219
5380100
8606067
45037
9455211
1773386
7698845
6625123
5497721
1654104
9834236
4728573
9200166
2904061
6552388
4439015
811704
8605420
689731
8554264
3391514
6072111
9869975
6992768
3694467
5390750
3126745
3640429
8845488
8175695
3501179
7547650
2278554
9625860
3001408
8860620
8418452
9457911
8846202
2133724
8012669
2525783
2568059
940134
1869230
9703712
3870429
1082204
9975918
2477929
3023973
5713951
905225
7589519
7039473
7215107
5510125
1613298
6350570
4064460
8646640
4058415
7779634
7322025
8152925
2286585
2450019
9574305
9902653
7691767
6020563
1353793
9759217
8556006
541595
865730
3504052
8929840
5123538
3990754
1520320
2044541
3664510
6367558
5151722
7787227
6642424
4689034
2586386
5786300
3350495
6805154
3107340
4781742
3487083
3954253
4746149
5246033
2787208
9582645
7253693
4296123
1179551
2284151
6457366
1670180
5954733
