97
4348
4544
5908
7583
11155
13029
13433
14560
16262
17799
18623
20456
20619
21103
21813
23290
25785
27658
28637
28682
31600
31702
34777
37205
37254
37837
42904
45037
46820
46959
48920
49023
50581
54677
56848
57500
59235
60631
61251
61861
62220
63026
64137
64170
64357
64368
64385
64437
64557
65086
65638
65952
66204
67070
67123
67353
67523
70160
70371
70570
72333
72793
73104
74165
74462
75049
75955
76713
80507
81442
81571
81671
83713
84434
84552
85393
86074
87992
88709
89171
89490
89720
90103
90180
92051
92216
92625
92823
95198
95635
97379
100395
101785
102543
103324
103518
104709
104992
107605
107614
109619
111500
113506
113832
115349
116725
117419
117913
119039
124810
125663
126125
126474
127538
127631
128586
129472
130275
131654
132710
133924
134303
134545
135740
137269
139423
142561
142998
143952
145679
145847
146175
147954
149813
151015
151163
153966
156761
157050
159894
160310
161277
163170
163343
164050
165690
166475
167002
167707
168147
168737
170490
171929
172225
172901
173141
176352
176905
178344
180357
180856
181946
182202
183807
184065
185882
186259
186432
188558
190931
194276
195473
196291
197653
199165
199514
199560
199881
200735
201288
203859
204034
205376
205802
206043
206554
210635
211272
212254
212299
212511
213588
213771
215931
216757
220344
221885
222592
222621
224152
224442
225148
225758
226026
226174
226584
229386
231390
231597
233254
233559
234127
234657
235600
236792
238201
239594
239887
240082
242000
243348
244431
246350
246872
247704
248027
248902
249672
250008
250706
255507
256301
257810
259086
259769
260083
260926
261612
262088
262967
266715
267060
267063
267973
268946
270546
271697
271997
273377
275661
279797
279946
280129
281465
282516
282631
283254
283360
283883
284189
284491
284526
284680
285525
285935
287935
288196
288705
291435
291966
292631
294966
296336
296513
297501
297609
298430
298737
299164
299868
300636
300908
304059
304750
305654
308714
309075
310958
313437
314587
314653
316091
316216
316729
317031
317952
320100
320742
320886
324537
325505
326121
326137
329988
333403
333912
335109
335507
335851
336178
337032
337299
337649
341515
342236
342394
342608
344755
348913
349153
351113
351276
352555
353212
354391
355448
356005
357069
357402
358672
358953
360799
362210
362786
363721
364797
364921
365617
365757
368452
368546
369566
370446
370874
371455
371470
373918
374759
376287
379276
379456
379527
380142
380652
381135
381829
382451
382792
383088
383714
384371
385888
386079
386121
386245
387495
388117
389248
393128
393939
395050
395770
396371
396681
398682
398761
398828
399419
399513
400152
401450
401713
402395
402469
402546
402575
402628
402999
403435
404369
405850
407542
407557
407709
408053
408552
408820
408879
409564
409605
413221
414478
415937
416529
416701
417684
417760
417872
418096
421122
421968
422043
422711
424638
425302
427663
427817
427979
429335
430988
433586
433608
435401
435655
436710
437067
437267
437557
437879
439159
439280
439313
439538
441373
441783
443082
443359
447784
448025
448220
449284
449657
450706
450882
451884
452933
455387
457185
458651
460383
460494
460848
462042
462394
462522
464324
465663
466341
466373
467427
469319
469788
470793
470840
470929
472150
472358
473341
474193
476741
481205
481865
482194
482680
485237
485849
487449
487566
487586
487886
491171
493243
493274
493651
494715
495571
498710
499358
500046
500773
500823
506138
510226
510714
511162
512732
512845
513069
515758
515759
517682
517940
520475
521548
522265
523989
525064
528305
529100
530756
531613
531668
533059
535949
541300
541595
546251
546553
546860
547124
547455
548381
548488
548684
549424
552660
553358
554646
555361
555860
556694
559710
560094
560097
560334
561209
562466
562786
563074
564789
564833
564958
565584
565958
567573
568529
569044
571479
573017
575041
575118
575377
575840
576298
577015
577965
579191
582117
582654
584496
584532
585930
586898
587115
587143
588152
588673
588920
589241
589927
590309
591607
593120
594085
594592
596971
597511
597614
598030
601233
601340
602246
603548
604404
606798
607645
610262
611954
612888
613218
613755
615706
615849
616265
616482
616688
618790
618820
619329
619659
621441
621921
622862
623937
624104
624252
624593
625744
627606
628123
629933
630960
632660
632832
633213
636612
636798
636920
638385
638402
638502
639635
642155
647314
649985
650015
650589
652215
654844
655499
655617
655730
656327
656979
657738
658337
659505
662209
663138
663366
663412
665390
666285
666594
667948
667999
668434
669348
672016
672414
672443
672551
672887
672921
673388
673984
676334
678195
679354
679468
679679
680311
681158
681800
681815
681952
685142
685966
686249
686319
686442
686799
686896
687669
688286
688515
689032
689211
689231
689731
690765
691634
691748
692033
693363
693915
693975
693992
694256
695725
696397
697264
698012
698054
698695
699460
701367
701414
703730
705871
705993
706382
706477
706522
706583
706909
708455
708561
710304
710370
711010
711684
714202
714264
714565
715009
716338
716517
718953
719299
720088
720158
721738
721916
724184
724733
725097
725429
726088
726986
727941
729504
729583
729763
731586
732177
732508
733387
734949
735471
738050
738074
739144
744111
744267
745617
745848
746731
746973
748655
748904
749035
749272
750142
750272
750556
753400
755255
755259
755418
755842
758632
759972
761762
763436
767681
768528
769954
770333
770924
771400
772505
773972
775206
776703
780573
784121
785737
786868
787810
788845
788957
789851
791203
791270
791394
791520
792607
793109
794657
794969
795218
795779
796461
797673
799600
799870
803176
803402
804297
807556
807960
808326
808438
808453
808888
809617
809815
811232
811704
812379
813607
815039
816607
816610
816891
817930
818315
818607
821183
822154
822613
823006
824469
825053
825453
829778
830387
832200
834530
838982
839005
840399
840548
840562
840920
841796
844069
851619
852235
853431
856166
858151
858600
858900
860289
860587
861115
862471
863536
865730
866021
866149
867116
869540
873845
874022
875010
876182
880890
882454
882942
883580
884380
884955
885769
885788
888129
888259
888774
890099
890438
890812
891895
892328
893287
894376
894410
895314
895938
897304
897951
898251
898737
899369
901187
901804
903720
905225
905225
905423
905833
905912
907500
907768
910261
910670
912309
913166
913588
914133
914806
915062
918696
919847
920479
920863
921135
924237
928124
930164
932311
936790
937147
937217
939932
940134
942151
944012
947070
947627
949437
951180
952138
953426
954604
954793
954833
955796
955957
956583
957057
957916
959189
959591
960291
961148
961802
965654
966622
966877
968088
968285
968957
969070
969911
971260
973111
973906
975669
976937
978668
980061
980969
981676
982268
982324
983075
984098
985675
990261
992032
993249
997607
998663
999159
1000000
1000286
1001575
1002047
1003756
1003794
1005555
1005674
1006037
1008857
1010695
1012059
1016559
1017689
1019531
1019782
1019819
1022858
1024381
1024997
1025221
1028530
1028768
1030128
1030606
1030799
1030914
1031597
1032180
1032939
1033277
1033772
1033895
1036181
1036219
1037752
1038838
1039591
1039741
1040146
1042905
1043812
1045012
1045452
1046961
1048847
1049054
1051156
1051378
1051488
1052174
1053940
1056846
1060102
1060358
1061530
1063966
1064744
1064854
1065949
1067070
1068154
1073197
1073356
1073806
1074153
1074880
1075043
1078137
1078213
1079714
1080143
1080382
1080996
1082204
1082722
1085449
1086978
1088861
1093077
1093322
1094451
1095709
1095907
1096448
1097714
1097879
1097959
1098502
1098816
1099580
1104061
1104396
1105481
1105763
1105833
1106482
1106517
1107625
1109236
1109506
1111298
1111838
1113867
1115747
1116284
1117301
1120659
1121768
1121861
1122139
1122148
1122267
1122458
1123507
1124381
1124957
1128847
1130247
1130582
1131049
1131558
1133479
1134966
1135647
1136116
1138228
1138492
1139526
1141723
1144335
1144589
1146876
1147913
1148858
1149158
1150425
1150746
1153616
1154316
1156083
1156498
1156814
1156821
1159336
1159500
1159672
1159906
1160290
1160957
1161160
1163123
1163899
1164587
1165659
1166456
1168466
1170080
1170406
1171442
1171644
1172259
1173134
1176902
1179551
1180910
1182560
1183770
1184192
1185345
1186284
1188193
1188476
1188535
1189708
1191660
1191665
1192617
1193077
1193555
1193565
1193624
1193733
1194063
1197670
1198985
1199459
1204415
1208210
1208549
1208744
1212839
1213002
1213349
1214805
1217185
1217907
1219690
1220947
1222445
1222469
1223267
1224391
1224674
1226206
1227664
1227851
1228370
1229479
1230025
1230646
1231210
1234455
1236263
1239288
1239531
1240200
1241009
1242127
1245248
1245802
1246196
1246245
1249371
1249449
1249491
1249594
1250557
1250666
1250988
1251702
1253165
1254065
1254690
1255106
1255569
1256297
1256502
1257155
1257354
1260210
1261991
1262176
1266399
1266711
1268577
1268954
1269346
1272354
1273887
1274559
1277219
1278041
1282236
1284377
1286251
1286486
1286596
1287011
1291904
1292199
1292367
1293157
1293404
1294178
1294408
1295813
1295996
1296595
1298440
1299077
1300666
1302668
1303394
1306152
1306389
1306500
1307663
1311082
1311125
1311173
1311519
1312821
1312932
1313191
1313199
1315425
1316431
1316436
1317412
1318851
1319855
1319863
1320022
1321957
1322607
1323289
1325007
1325433
1325537
1326701
1326824
1327237
1328372
1330599
1331257
1331299
1333580
1333971
1333971
1334970
1336451
1336728
1337804
1338332
1338450
1338476
1339229
1339788
1340572
1340771
1341973
1342150
1343150
1344924
1345887
1347699
1347704
1347966
1348235
1349334
1350853
1353193
1353210
1353793
1356244
1356822
1357366
1357757
1358816
1359013
1360556
1362851
1363282
1364578
1365336
1367207
1367845
1371323
1371649
1371719
1372208
1373930
1374745
1375177
1378583
1378948
1381688
1382298
1383911
1386059
1389857
1393502
1394033
1395216
1396005
1396240
1397901
1398011
1398486
1399105
1401017
1401772
1402267
1402866
1403332
1403375
1403452
1404534
1405273
1407391
1408510
1408836
1410232
1411378
1411442
1411917
1412130
1412943
1413773
1414135
1415991
1416714
1418587
1419451
1419581
1420421
1420505
1420677
1421300
1423514
1423552
1423731
1426092
1426660
1427424
1428035
1428905
1430805
1431765
1432309
1434009
1435436
1437438
1438467
1439250
1439391
1440307
1441214
1442424
1444219
1444745
1447285
1448303
1454858
1455073
1457174
1457464
1458078
1458354
1458427
1458505
1460297
1460659
1461682
1463144
1463536
1464167
1464305
1465926
1465946
1466198
1469115
1469911
1471121
1473019
1473335
1475331
1477940
1479615
1480434
1482724
1484181
1484502
1486992
1487268
1488321
1489664
1490157
1490834
1493833
1495618
1496799
1498013
1502403
1502535
1502862
1503794
1505011
1505132
1506718
1507717
1508562
1509580
1509705
1509735
1509979
1511048
1512358
1514863
1516479
1519050
1519158
1519477
1520136
1520320
1520436
1521192
1523556
1524296
1528241
1529725
1530174
1531225
1532963
1534256
1536380
1537560
1538102
1538464
1538591
1539710
1540733
1542069
1543108
1546240
1547430
1548262
1549263
1549308
1550875
1554209
1556486
1556574
1556952
1557831
1559485
1562173
1563239
1564555
1566062
1568265
1569671
1571877
1572104
1572833
1572873
1574579
1577608
1578091
1578261
1578510
1579417
1584713
1585581
1585585
1586763
1587605
1589128
1589202
1590576
1592917
1594957
1595215
1595279
1595882
1596619
1601684
1604008
1604495
1605342
1606245
1606544
1607269
1608813
1609011
1613298
1614942
1616036
1616055
1618967
1619067
1620830
1621473
1621525
1621654
1624003
1624531
1625985
1626260
1627638
1630769
1631865
1635232
1635768
1638837
1639260
1642588
1643716
1644810
1645022
1645524
1646080
1646444
1646686
1647485
1647885
1649617
1651675
1651700
1652068
1652148
1654104
1654240
1654354
1658561
1658800
1658932
1659115
1659157
1659290
1660495
1661437
1661949
1662287
1663236
1666072
1667087
1667629
1667785
1669778
1670079
1670180
1672245
1677639
1682066
1682190
1682610
1683200
1683520
1685081
1685607
1687082
1688418
1688726
1689381
1691480
1692813
1695147
1696222
1696274
1697194
1699152
1700654
1703058
1703448
1703467
1703801
1704131
1706150
1706723
1707247
1708560
1709778
1710922
1711659
1712099
1712173
1712221
1712818
1713775
1716800
1717907
1718431
1718918
1720327
1721143
1721465
1721629
1723756
1724925
1726800
1727220
1728135
1729865
1731309
1731957
1732148
1734180
1736411
1738371
1739206
1740511
1743867
1744575
1746602
1746708
1749083
1749849
1751165
1752391
1752682
1753103
1754956
1755508
1755755
1756248
1756395
1757970
1759616
1761211
1762132
1762476
1763458
1767018
1768319
1768644
1770409
1771071
1772047
1772859
1773386
1774918
1776027
1776495
1778888
1779624
1780368
1780834
1781889
1784640
1787240
1788372
1789502
1790900
1791059
1791982
1793244
1793973
1794965
1794992
1795032
1796255
1796324
1797201
1799200
1800081
1802451
1803741
1805228
1805836
1808926
1809028
1809046
1809388
1812509
1813429
1813574
1813579
1814177
1814345
1814773
1819617
1820835
1821274
1821739
1827128
1827168
1829429
1832316
1832522
1833094
1833565
1833815
1838999
1839253
1839842
1841378
1843050
1844115
1844256
1844334
1845851
1846168
1848196
1849288
1849753
1850411
1852529
1853070
1853775
1853814
1854804
1857206
1859982
1860463
1860945
1861121
1862656
1863124
1864437
1865002
1865712
1865757
1866359
1866651
1867034
1867498
1867597
1867718
1869230
1870228
1870304
1870772
1871151
1871161
1872106
1873045
1873231
1875055
1876442
1877458
1880504
1881597
1881612
1883889
1883898
1884618
1884649
1884804
1884988
1886196
1886478
1886519
1886686
1889462
1889812
1890891
1891617
1891822
1892299
1895511
1895528
1896067
1897200
1898074
1899070
1900122
1900828
1906756
1908211
1908712
1910120
1910717
1911278
1912082
1912172
1912579
1912600
1913593
1913978
1914158
1914835
1917136
1917256
1917262
1918046
1918439
1919185
1919344
1919638
1920134
1921298
1922433
1922784
1922849
1923755
1923781
1924719
1926039
1927864
1929184
1929620
1929629
1929775
1929971
1931509
1932730
1933217
1934177
1935179
1936627
1936776
1939168
1940111
1940445
1940463
1941260
1942038
1942342
1944633
1945691
1946283
1947759
1949564
1949730
1950750
1950990
1951251
1953027
1953059
1953755
1954428
1955122
1955590
1956319
1956453
1956960
1957141
1957382
1957716
1957797
1959270
1959699
1959761
1963301
1963523
1964716
1967321
1968080
1969181
1969602
1970968
1971875
1972231
1975388
1976391
1976431
1977688
1978203
1978826
1979810
1981777
1982208
1982816
1983847
1984284
1984695
1985248
1986301
1987585
1990951
1991117
1991430
1992913
1993400
1993763
1994168
1995289
1996931
1999895
2001145
2001321
2001598
2001776
2002938
2004444
2005112
2006010
2006400
2007717
2007721
2008539
2009373
2011373
2012215
2012320
2013403
2014076
2016321
2016738
2017508
2018799
2019030
2019323
2021509
2022497
2022849
2024109
2026055
2026103
2026152
2027375
2029340
2031093
2032268
2033805
2034990
2035626
2035915
2036828
2037867
2038262
2039277
2041328
2043321
2044541
2045059
2045417
2045684
2046437
2049216
2049384
2050494
2051006
2051208
2051732
2052636
2052781
2054101
2054309
2057385
2058820
2059322
2060276
2060589
2062036
2063974
2064479
2065647
2066095
2067563
2067587
2067690
2068629
2068895
2069157
2069581
2071167
2072061
2072541
2073948
2077686
2078171
2078987
2079080
2079685
2082334
2084322
2084635
2085035
2085852
2086001
2086342
2086843
2087008
2087456
2089786
2090125
2092052
2092099
2094030
2094319
2094664
2095444
2097091
2097805
2097987
2098323
2098892
2099984
2100721
2101025
2101499
2101907
2103671
2103758
2103826
2104239
2105666
2105791
2105796
2106476
2106517
2107442
2107988
2108278
2109590
2111233
2111575
2111657
2111724
2113490
2115915
2116342
2118459
2118688
2122501
2122646
2125681
2126408
2126498
2126664
2127498
2129305
2129993
2132461
2132845
2132864
2133724
2134781
2135918
2137732
2138495
2139292
2139726
2140256
2140873
2141969
2142876
2143382
2143597
2143871
2143915
2146533
2147621
2149822
2150285
2152077
2153973
2154263
2159344
2159778
2159853
2160327
2160579
2160886
2161154
2164034
2164541
2164583
2165051
2170774
2171795
2171865
2173571
2175256
2177329
2177819
2178383
2178420
2178541
2182582
2183231
2183812
2184484
2184693
2185402
2185713
2186807
2187362
2187699
2188386
2188431
2193304
2195637
2198654
2198864
2199432
2201545
2201897
2202705
2203131
2203423
2204596
2205446
2205926
2206380
2207567
2209032
2209802
2210541
2210655
2210925
2211306
2211898
2213017
2213303
2215044
2217535
2220239
2222890
2222944
2224001
2226336
2226717
2226968
2228434
2229778
2230582
2230728
2232480
2233512
2233813
2233817
2237226
2237474
2237751
2238851
2239657
2239666
2243296
2243353
2244648
2244746
2244802
2245670
2245904
2247357
2250139
2253611
2254252
2257563
2257668
2257851
2258919
2259327
2260794
2262441
2263285
2263508
2263764
2265129
2265666
2267171
2267993
2271001
2271082
2271896
2273080
2273090
2273153
2273852
2274701
2275794
2276536
2278313
2278551
2278554
2279584
2281763
2282446
2283181
2284151
2285037
2285531
2286585
2286822
2287272
2288109
2288682
2289449
2293444
2294280
2294755
2295405
2296367
2296762
2297759
2298419
2299757
2299930
2301179
2303206
2303970
2304379
2305237
2306129
2306543
2308176
2308311
2309127
2309133
2310770
2311126
2311266
2312314
2313302
2314166
2316109
2317132
2318436
2320212
2320910
2322427
2325752
2325801
2326611
2327333
2327610
2328259
2330822
2331657
2333981
2334126
2334771
2334921
2335854
2336092
2338937
2339145
2339289
2339622
2339875
2341170
2343860
2345413
2346157
2349244
2350243
2350254
2352500
2352985
2356266
2358879
2359063
2360111
2360189
2360716
2361145
2363270
2364285
2365225
2365656
2365683
2366309
2366978
2368935
2371480
2371825
2373570
2374058
2374301
2374838
2376130
2377423
2378734
2379095
2380093
2382650
2384005
2384744
2384793
2384940
2387339
2387530
2387557
2389129
2390548
2393826
2394119
2394391
2395777
2396480
2397100
2397174
2399305
2399961
2400118
2400980
2402501
2405425
2407676
2408544
2409012
2409155
2409160
2410380
2410423
2410869
2411538
2411760
2412186
2412611
2412903
2412912
2413792
2414424
2414758
2414771
2416099
2417357
2417892
2420459
2420494
2423145
2423867
2424316
2425714
2427243
2427554
2428018
2428181
2428290
2428355
2430331
2430955
2431652
2432087
2434084
2434620
2435036
2435661
2437140
2438035
2438285
2438886
2440904
2441652
2442063
2442390
2443503
2443877
2443938
2450019
2450239
2450373
2452333
2453834
2454297
2454946
2456213
2457228
2457234
2457268
2458384
2461964
2462822
2462860
2463035
2464213
2466350
2466865
2467139
2469136
2470258
2471698
2475841
2477929
2477939
2478344
2478890
2480332
2480847
2481871
2483607
2484397
2485052
2485647
2485884
2486280
2486738
2486767
2487368
2487540
2488051
2488320
2488418
2488700
2488889
2489622
2491603
2492098
2492898
2493471
2493965
2495448
2495523
2495737
2496291
2496309
2498592
2503784
2504260
2504437
2504973
2505484
2508055
2509354
2509495
2510171
2512595
2513736
2514816
2516339
2516425
2518645
2518872
2518889
2520524
2520530
2520874
2523393
2524305
2524590
2525783
2527036
2528061
2528121
2528388
2531569
2534700
2534708
2539110
2540935
2541494
2542130
2542421
2543992
2544480
2545215
2545346
2545483
2545659
2546408
2548239
2548346
2550327
2550483
2552107
2552940
2553797
2554163
2557350
2558776
2559445
2560060
2560502
2562122
2563100
2564057
2566458
2566880
2567004
2568059
2571666
2572049
2574773
2575221
2575425
2576288
2577579
2579305
2580629
2581130
2581210
2581949
2582932
2583453
2585206
2586386
2587491
2589396
2589879
2590930
2591133
2593227
2594238
2594340
2594753
2595285
2597362
2597688
2597977
2598033
2599113
2602975
2604295
2608445
2608608
2608733
2609601
2610207
2611087
2611525
2611975
2612332
2613879
2615482
2616796
2618865
2619094
2619261
2619289
2621945
2623679
2624708
2629368
2629714
2631110
2632440
2633470
2633887
2636451
2636815
2637882
2637981
2640580
2641202
2641307
2642140
2643740
2645760
2646310
2648455
2650952
2651723
2652100
2655377
2656022
2657438
2659677
2660589
2663514
2664476
2665032
2665619
2666184
2667095
2667737
2668397
2669085
2669391
2669523
2669829
2671779
2673237
2673686
2674158
2677955
2678565
2679871
2680120
2682475
2683217
2684024
2685827
2686624
2686983
2687111
2687388
2688235
2690774
2691814
2693844
2697251
2697725
2699037
2703217
2704307
2707379
2708832
2711025
2711115
2713850
2714170
2715735
2716162
2716906
2717767
2718401
2720376
2721758
2721929
2721953
2722069
2722159
2722935
2723131
2724025
2730014
2731508
2732245
2733371
2737036
2737830
2738611
2738966
2738990
2741476
2743869
2744200
2747977
2748857
2749617
2750591
2750909
2752086
2753329
2753570
2753687
2754651
2756668
2757649
2758491
2758963
2759512
2762561
2762717
2763063
2766347
2767280
2768392
2769456
2771617
2771929
2775466
2776647
2777879
2778520
2778596
2780042
2782169
2783325
2783726
2783928
2783982
2784513
2785241
2786374
2786875
2786893
2786904
2787208
2787220
2790080
2790678
2793509
2793731
2794154
2794309
2794366
2795425
2795979
2796013
2797491
2797962
2799824
2800003
2801716
2801754
2802194
2804723
2805550
2806663
2807038
2807185
2807308
2807642
2809156
2809276
2811252
2811410
2811588
2812155
2812795
2813104
2813898
2815370
2815560
2815925
2816388
2816763
2818560
2819124
2820999
2822549
2822637
2823127
2823184
2823469
2824195
2824919
2826595
2826631
2827025
2827804
2828376
2829319
2829761
2829776
2830122
2831017
2831396
2836601
2838040
2838144
2838323
2839252
2840781
2841778
2844683
2845084
2845458
2845731
2846833
2846856
2848644
2849714
2850282
2852531
2853916
2854755
2857066
2859023
2859140
2859706
2860282
2862317
2864075
2864245
2868211
2868296
2869511
2869712
2870217
2871150
2872198
2874382
2874865
2875191
2877900
2878144
2878397
2879033
2879776
2879798
2880037
2883366
2883404
2883668
2885704
2886018
2886295
2886595
2887056
2887218
2887321
2887923
2891381
2891473
2892234
2893010
2893084
2893882
2894148
2894402
2894489
2894653
2894934
2895026
2895754
2895993
2896104
2897456
2901368
2901933
2902314
2902796
2902896
2903305
2904061
2906427
2907869
2907986
2910853
2910989
2911243
2911837
2912768
2913168
2914242
2916144
2918302
2918550
2919190
2919420
2919638
2919654
2920681
2921130
2923268
2925200
2926924
2927258
2927588
2928619
2928917
2931528
2931785
2932254
2932296
2932402
2933449
2934902
2939299
2943416
2944382
2948810
2951316
2951688
2951925
2953727
2953927
2956263
2956289
2956557
2957400
2958234
2959144
2959423
2960890
2963973
2965084
2967388
2967545
2967728
2968147
2968266
2968459
2973409
2973474
2974955
2975563
2975587
2977118
2977167
2977240
2980064
2983280
2986005
2986029
2986242
2987197
2988996
2990314
2991197
2992056
2992431
2993780
2993813
2993908
2994268
2994954
2995268
2995420
2998837
3001164
3001408
3002113
3002337
3004032
3004228
3004348
3005118
3005363
3005655
3005708
3005718
3007188
3010399
3010638
3011545
3013657
3014336
3016059
3016705
3016888
3017034
3017218
3018027
3018429
3020923
3021245
3021763
3023485
3023900
3023973
3024172
3024786
3025199
3025426
3025615
3028880
3028966
3030257
3030404
3031842
3032220
3034014
3035406
3035535
3036238
3036292
3036502
3037080
3039332
3041536
3042493
3043268
3043918
3044037
3044695
3045357
3046636
3047304
3047449
3048791
3049655
3050519
3053529
3053777
3054217
3054298
3055066
3055104
3058256
3060369
3060539
3061163
3064450
3064469
3064575
3066689
3067670
3068865
3069876
3070390
3070400
3070596
3070724
3072906
3073877
3073989
3075249
3075714
3077601
3078503
3078578
3079364
3081252
3081696
3081952
3082428
3084068
3085357
3088280
3088795
3089172
3089553
3089871
3089968
3090943
3092707
3093458
3094414
3094722
3096820
3098257
3102469
3102867
3102917
3104210
3105277
3106927
3107330
3107340
3107448
3108056
3111424
3113038
3113765
3115263
3117225
3117585
3118204
3118604
3119677
3119919
3120418
3120624
3120780
3121775
3124108
3124806
3125292
3126128
3126520
3126745
3126958
3128351
3128580
3128875
3130287
3132962
3134461
3135095
3135460
3135731
3137610
3138762
3140449
3141196
3141199
3141797
3141909
3142414
3143541
3144765
3147481
3148055
3149725
3150176
3150714
3150912
3157774
3158168
3159463
3159586
3162397
3162985
3163272
3164698
3165059
3165581
3165665
3166835
3167095
3168012
3169571
3169882
3170018
3170405
3170669
3171489
3173167
3173355
3173982
3174137
3174842
3176962
3177178
3178954
3179152
3179230
3180483
3182268
3182976
3183073
3183417
3183464
3184290
3184386
3185787
3186204
3186353
3187863
3188813
3189456
3189799
3190660
3190893
3192888
3193086
3193267
3194520
3194878
3196688
3197937
3198246
3199547
3199566
3202295
3204409
3204415
3207509
3209657
3214664
3215448
3215677
3216146
3217006
3217574
3219539
3219605
3219930
3220623
3220806
3221050
3223243
3224407
3224528
3226986
3227492
3227816
3231521
3233412
3233961
3235616
3236492
3239599
3240103
3240359
3241256
3245034
3247494
3248661
3249521
3252869
3253125
3255960
3256507
3257537
3257802
3260048
3260422
3261623
3261750
3264101
3264159
3264554
3265079
3265480
3268565
3268666
3269111
3269668
3270159
3270799
3273569
3274263
3275904
3276426
3282928
3284449
3285174
3287219
3288276
3289300
3289574
3290088
3290621
3291072
3291583
3291788
3291861
3293219
3295062
3295783
3296400
3297798
3297836
3299040
3299836
3301098
3302838
3303005
3306208
3306882
3307828
3308142
3311471
3312595
3312997
3315980
3317949
3320283
3320940
3321147
3322705
3323743
3324598
3328167
3328864
3329322
3329604
3329883
3332301
3332947
3334043
3335804
3336386
3336449
3336572
3338528
3339229
3343729
3343781
3344429
3344799
3345080
3345375
3346080
3346442
3347002
3350334
3350495
3350798
3352642
3353146
3353531
3354855
3354950
3355114
3359856
3360965
3362107
3363122
3363161
3364089
3365086
3367349
3367521
3367965
3368803
3369084
3371896
3372447
3373143
3375077
3375628
3377311
3379469
3380393
3381424
3382042
3382342
3384060
3385229
3386093
3386912
3390011
3391514
3391577
3392293
3392806
3393883
3393907
3394445
3395078
3396822
3397072
3397771
3400441
3402100
3402111
3403777
3404060
3404363
3405023
3405634
3408600
3408899
3409060
3409573
3409831
3410388
3410546
3411104
3411245
3411717
3412181
3414433
3414846
3415308
3415378
3416162
3416319
3417496
3417766
3417964
3418367
3421290
3423157
3424343
3427887
3427935
3428251
3428437
3428460
3428531
3428673
3428902
3431735
3432591
3434252
3434850
3436096
3436365
3437612
3438307
3439044
3439217
3440243
3441430
3443509
3444565
3446416
3447493
3448461
3448851
3450550
3452543
3454003
3457284
3457352
3457947
3458682
3458760
3459590
3460754
3461522
3463082
3464433
3465068
3466501
3467758
3467760
3470784
3470903
3471704
3472421
3473721
3474312
3474867
3474991
3475162
3476135
3476276
3477694
3478993
3479432
3479620
3480124
3481508
3482094
3486962
3487083
3487831
3488290
3489120
3490459
3491293
3492903
3494241
3494619
3495056
3495839
3497009
3500059
3500594
3501179
3502625
3502924
3503212
3503310
3504052
3505084
3507599
3510787
3511635
3513257
3513703
3515263
3516290
3517299
3517776
3517951
3517951
3522297
3523556
3524717
3525646
3527743
3528183
3528908
3529717
3530289
3531938
3532084
3533354
3534042
3536035
3536469
3537937
3538201
3538322
3540032
3540425
3540587
3540601
3540765
3542336
3543141
3544202
3544738
3544744
3545315
3545535
3545815
3547541
3549663
3550553
3551188
3551791
3555051
3555778
3560494
3560942
3561460
3562159
3562645
3565493
3565712
3566656
3569454
3569503
3570548
3571401
3571734
3572197
3572842
3575394
3575407
3576395
3577070
3577702
3579098
3579642
3580687
3582154
3583926
3585156
3585657
3586573
3588116
3589266
3589466
3591916
3592695
3593760
3593988
3595537
3595716
3598694
3599053
3599652
3600245
3601960
3605266
3605655
3606960
3607454
3607615
3608397
3609463
3611851
3612340
3612802
3614418
3615704
3615833
3615938
3624276
3625269
3625295
3625466
3628797
3629443
3629888
3630191
3631266
3632458
3632707
3633954
3634453
3637679
3639627
3640429
3641877
3642983
3643068
3643282
3643759
3644725
3644890
3648832
3649600
3651228
3651876
3652493
3652721
3652822
3654714
3655428
3655761
3656434
3657695
3658396
3659695
3661575
3661929
3662624
3663668
3664510
3664739
3665416
3665841
3668028
3668510
3669227
3669843
3670393
3670502
3670800
3672078
3672918
3674844
3675037
3676987
3677202
3678419
3678556
3683523
3684280
3686537
3686731
3687186
3687695
3690827
3691109
3692660
3692729
3693807
3693979
3694315
3694467
3695773
3696678
3697780
3698365
3698430
3698810
3699507
3700166
3700456
3703907
3704751
3706042
3706388
3708349
3710143
3711071
3711442
3711572
3711952
3713673
3713739
3714728
3716536
3716731
3717791
3718027
3719389
3721044
3725573
3726785
3727211
3727350
3728063
3730455
3730755
3730855
3732034
3732472
3733163
3735719
3737809
3737994
3738153
3739432
3744261
3744682
3745092
3747329
3750406
3753687
3753722
3754287
3754943
3756776
3757800
3757896
3757957
3758047
3758452
3759608
3760124
3760920
3760943
3761475
3761995
3764578
3764942
3765242
3765344
3767003
3770537
3770549
3772090
3772484
3772754
3774313
3775141
3775333
3776464
3777760
3780372
3781112
3782627
3783067
3783687
3784365
3785961
3786710
3789503
3790173
3790389
3791255
3792346
3794416
3794759
3794799
3795732
3796731
3797769
3798670
3799862
3799981
3800341
3801706
3802127
3802152
3802436
3805539
3805980
3808280
3809748
3811779
3813017
3817029
3819106
3821246
3821940
3825741
3826034
3826606
3826704
3827726
3827773
3828744
3829264
3829305
3831155
3832587
3833039
3833396
3833449
3834188
3834727
3835677
3835948
3836417
3837829
3837983
3838603
3838967
3839376
3839472
3840843
3840845
3841856
3847300
3849351
3851033
3852992
3853097
3854511
3854780
3855530
3857306
3858483
3858928
3858974
3859525
3859541
3859838
3860417
3860712
3863478
3863630
3866676
3867236
3867975
3868135
3868227
3870429
3872332
3872909
3873267
3874853
3875369
3875780
3876281
3876966
3879086
3879280
3880094
3881745
3882066
3882300
3882792
3883044
3885116
3886185
3887236
3887255
3889189
3889429
3890487
3890541
3891637
3891926
3892001
3892558
3896881
3899147
3903556
3904897
3906582
3907111
3908929
3910885
3911119
3911149
3911520
3911930
3911983
3912423
3915975
3917911
3918880
3920558
3921179
3923591
3923782
3925590
3925813
3926617
3926898
3929591
3930696
3930817
3932650
3933990
3934758
3935157
3935304
3936569
3937322
3940939
3941518
3942533
3943219
3943626
3944402
3944943
3946815
3947220
3947287
3948142
3949302
3949616
3951343
3953329
3954253
3957940
3959619
3959753
3960960
3961878
3962347
3962798
3963788
3963990
3964463
3965110
3965541
3967045
3967173
3970198
3970352
3972433
3976059
3976201
3979682
3980077
3981837
3982697
3983618
3986028
3986266
3986791
3987856
3989816
3990754
3992304
3992739
3994394
3997977
3998364
3999659
3999843
4000433
4000773
4001074
4002779
4002841
4003536
4003917
4004385
4006314
4006521
4008216
4009644
4011661
4012007
4012034
4012909
4013265
4013425
4015818
4015880
4019251
4023866
4025019
4025185
4026672
4027582
4027792
4028982
4030671
4031713
4031718
4032120
4032850
4034617
4035591
4038349
4041493
4042152
4043151
4044315
4044475
4044688
4044890
4044975
4045301
4046368
4047192
4047512
4048696
4049001
4050710
4050781
4052176
4052455
4053209
4053828
4053988
4055280
4058415
4058670
4060285
4061231
4061389
4063509
4063722
4064460
4064765
4065967
4068856
4069011
4070062
4070115
4070644
4073383
4073934
4074299
4074871
4075986
4080853
4080885
4081983
4082357
4083516
4086212
4086581
4087546
4088596
4089570
4090152
4091870
4091916
4092882
4094113
4094433
4095054
4095313
4095734
4096096
4096668
4096861
4097769
4099148
4099340
4099965
4100868
4101151
4103452
4104246
4107453
4107701
4109284
4109354
4110205
4111750
4112235
4112301
4112708
4112788
4114722
4115553
4117425
4118159
4118650
4120543
4122598
4123984
4124866
4124936
4127800
4128168
4128448
4129073
4130999
4132413
4132881
4133342
4134217
4134249
4135352
4136306
4136483
4136886
4137892
4140136
4142573
4142915
4143660
4143994
4145326
4145356
4147577
4150331
4150481
4150904
4151062
4151311
4152050
4152316
4153710
4154341
4155336
4155361
4155508
4159387
4159603
4160134
4160913
4161600
4164045
4164106
4164764
4165224
4165428
4166185
4167274
4167546
4168215
4168354
4168999
4170234
4170842
4171368
4171519
4171911
4171925
4172186
4173476
4173866
4174018
4175685
4175748
4176202
4177174
4178491
4179898
4179916
4182555
4183806
4184048
4186610
4191087
4191150
4192255
4193793
4195547
4196033
4199503
4199923
4200712
4202082
4202467
4203132
4205569
4207245
4209465
4209474
4209644
4210225
4210284
4210386
4212520
4213198
4214693
4217026
4218713
4218867
4220119
4220283
4220380
4220398
4220648
4220919
4221627
4222373
4223591
4225510
4225660
4226095
4227822
4228185
4228891
4230997
4231537
4231610
4233110
4235774
4238078
4239436
4240314
4240721
4242207
4242341
4242760
4245250
4245279
4246878
4248323
4249155
4250149
4250628
4252558
4252628
4253047
4253128
4255223
4256526
4256660
4256928
4257289
4257447
4257801
4258454
4258802
4259746
4260126
4261573
4262863
4263741
4264431
4265780
4266724
4267085
4267108
4268031
4268073
4269249
4273385
4276897
4280565
4281295
4281495
4281720
4282337
4282857
4288944
4289492
4289896
4290275
4290329
4291274
4292925
4295640
4295897
4296123
4296561
4297707
4298056
4298634
4299380
4301590
4302977
4304127
4304551
4304574
4307670
4308343
4308414
4308953
4309491
4310114
4311085
4311253
4312338
4313674
4314039
4314617
4317062
4319372
4321849
4322613
4326026
4326823
4326973
4326993
4329009
4333023
4334070
4335027
4336980
4337062
4338258
4338471
4338611
4338777
4340086
4341822
4342876
4345475
4345507
4346523
4348508
4350741
4351013
4351309
4351891
4354163
4358839
4359191
4359203
4360409
4360790
4360828
4362975
4364165
4365198
4365381
4366769
4368111
4369943
4370499
4372679
4372820
4375468
4375952
4377026
4377568
4379720
4380992
4383306
4384600
4385028
4386707
4387439
4390706
4390864
4391768
4392638
4394257
4395196
4395792
4399131
4400391
4401210
4401764
4402345
4403175
4403257
4403748
4403767
4404350
4404450
4404694
4405802
4406208
4406706
4407344
4408092
4412871
4413201
4413516
4415097
4415597
4418345
4423719
4424147
4426107
4426641
4430247
4431107
4432286
4432357
4432551
4432698
4433110
4433210
4433796
4433807
4434961
4436556
4436989
4437109
4439015
4439131
4439869
4440188
4440395
4441212
4443447
4444325
4446297
4447393
4448048
4448559
4448592
4449411
4449518
4449553
4449563
4450684
4451421
4451452
4451957
4452765
4452955
4455450
4455855
4461348
4461755
4462301
4462459
4463973
4465258
4467017
4467766
4467829
4469512
4469771
4471371
4471491
4471694
4471807
4472224
4472989
4473176
4473733
4474051
4474770
4475412
4475625
4476041
4478878
4480041
4480381
4482791
4484983
4485703
4485703
4485861
4489447
4489649
4489991
4492158
4493018
4493392
4494995
4495001
4495676
4497601
4501172
4502100
4503780
4507161
4508678
4509004
4510737
4511045
4512611
4512887
4514557
4516775
4517525
4519560
4519908
4522685
4522716
4524059
4524680
4526523
4527290
4527829
4529683
4530465
4531248
4533109
4533512
4535399
4535760
4536956
4537836
4538021
4538906
4539656
4541304
4541437
4542163
4543327
4544140
4544795
4546161
4546268
4546691
4546703
4547600
4550828
4551536
4552455
4552811
4552980
4557913
4559275
4560309
4560846
4561039
4562411
4563177
4563395
4563571
4563577
4565370
4565784
4568835
4569764
4570001
4571636
4573745
4574171
4574726
4575792
4576412
4579460
4585183
4585226
4586440
4590219
4590569
4591295
4592132
4593179
4594667
4596843
4597424
4599212
4599222
4599956
4600367
4602427
4603934
4605026
4606314
4606539
4611117
4614882
4615067
4615223
4615317
4615874
4616096
4616847
4618098
4618888
4619340
4621326
4621419
4622391
4622636
4623918
4624760
4626425
4626743
4627153
4627524
4627832
4629851
4633079
4634453
4635266
4635548
4637038
4637253
4638434
4639620
4639894
4640479
4640669
4641320
4642545
4643218
4643628
4645588
4645700
4646136
4646640
4647720
4650762
4651231
4653603
4654092
4654210
4654384
4655692
4656225
4657564
4657762
4658984
4661833
4662192
4663369
4667542
4670902
4671815
4671882
4673208
4675338
4677272
4678467
4679547
4679682
4679729
4680425
4680655
4680787
4680902
4682296
4682617
4683708
4685069
4686360
4686509
4687472
4689034
4696591
4697509
4698246
4702034
4703034
4704584
4705292
4705964
4706733
4707699
4708407
4710342
4710423
4710773
4711765
4712326
4713184
4714133
4715196
4716620
4717226
4717963
4720320
4720936
4721322
4721812
4722709
4723085
4723183
4724445
4725239
4725701
4726160
4728573
4728857
4729555
4729911
4730446
4731113
4733294
4733553
4734563
4734944
4736252
4739538
4741896
4742796
4743816
4745666
4745948
4746149
4746773
4747314
4748250
4749137
4750383
4750486
4752178
4752424
4752425
4752568
4754343
4754410
4754788
4754826
4754865
4755039
4756670
4756705
4756953
4758616
4760087
4760677
4760828
4762028
4764878
4765589
4765911
4766224
4766427
4766474
4767298
4771781
4772237
4776240
4776526
4776554
4778022
4778221
4778630
4780951
4780954
4781742
4782787
4783073
4783220
4783796
4784409
4784735
4786077
4790576
4791968
4792803
4794914
4795833
4797987
4798668
4799763
4800333
4802224
4802732
4802919
4804291
4804863
4805028
4805245
4805446
4806404
4806825
4808889
4811249
4811872
4812008
4813965
4814046
4814519
4815166
4816163
4816233
4816781
4819438
4820774
4820953
4824769
4825953
4828273
4831960
4832180
4835940
4836266
4837085
4838577
4840778
4841150
4841395
4842438
4842600
4842644
4843443
4843534
4844231
4845368
4845838
4847478
4847565
4848396
4849465
4850071
4851050
4852226
4853476
4853645
4855888
4856598
4857044
4857337
4859299
4859878
4860105
4861760
4866313
4867258
4867631
4868132
4868847
4869803
4870276
4871748
4875589
4879354
4880896
4881132
4883156
4884086
4884201
4888924
4888989
4891768
4895520
4895590
4895969
4896246
4896422
4897677
4897765
4897849
4898185
4901231
4901440
4901651
4904312
4904876
4905594
4906118
4906594
4907198
4908805
4910440
4910701
4910773
4910938
4912780
4913874
4913881
4914990
4915733
4916816
4917390
4917842
4918259
4919010
4921326
4921594
4921810
4923279
4923486
4923945
4924258
4924533
4924848
4925500
4926898
4927018
4927774
4930591
4932251
4932948
4933041
4933205
4938509
4939355
4939448
4939839
4939960
4940050
4940227
4941504
4941892
4942929
4944835
4945650
4948721
4950092
4952778
4955403
4955937
4957202
4957388
4957941
4960646
4961119
4961524
4964725
4965359
4966395
4966582
4967813
4968258
4976141
4980422
4983310
4984183
4985017
4985313
4987470
4987552
4988191
4988940
4989316
4989655
4990281
4990619
4991050
4991564
4992958
4993566
4997340
4999234
5000290
5001254
5003029
5003436
5004589
5005251
5005727
5008407
5010235
5010803
5011680
5011863
5012001
5012560
5012905
5013125
5013231
5014828
5016181
5017640
5018491
5019206
5020011
5022148
5022460
5023874
5023914
5024319
5025824
5027534
5029076
5029084
5029833
5031607
5031905
5032498
5033188
5034209
5036123
5036155
5036368
5037238
5037732
5038607
5040074
5041972
5042949
5043750
5044186
5044200
5044467
5044794
5046705
5047021
5048070
5048537
5050981
5051860
5051874
5052144
5052442
5052717
5053374
5054473
5055465
5055614
5056462
5058857
5059563
5062260
5062597
5062990
5063249
5063814
5067541
5068868
5069585
5070800
5071164
5072096
5073046
5073186
5074546
5077143
5078464
5078500
5078630
5079322
5079725
5080158
5080939
5083652
5083816
5086279
5086800
5087290
5088379
5088688
5088762
5089878
5092897
5094097
5094303
5094374
5095304
5095308
5096851
5097199
5100210
5100682
5101752
5102030
5103890
5104172
5104485
5104530
5104980
5104995
5105554
5105567
5107841
5108654
5110982
5111573
5112088
5112368
5113839
5114549
5115951
5117011
5119790
5123418
5123538
5123815
5124558
5127259
5128290
5131608
5132570
5132606
5133233
5133757
5134552
5136826
5137454
5137481
5139416
5140187
5145471
5147073
5147643
5148657
5149522
5150331
5150434
5151722
5153475
5153706
5155142
5155797
5156188
5157448
5159325
5160898
5161966
5162333
5163045
5163064
5168463
5169791
5170555
5171196
5172525
5172685
5173561
5173565
5174522
5174825
5176025
5181275
5181602
5187604
5187998
5189484
5189665
5191326
5191416
5192536
5194744
5195134
5196415
5196494
5197110
5197561
5198696
5199009
5202368
5203267
5203311
5204048
5204357
5204626
5206311
5208337
5208886
5209836
5210473
5210851
5211031
5211148
5214787
5216274
5217176
5217785
5218179
5219664
5220006
5220509
5221107
5225198
5227994
5229015
5229037
5229878
5231335
5231357
5232644
5232658
5232924
5233694
5234528
5234699
5235409
5235820
5236674
5237093
5238034
5238737
5239191
5239420
5239671
5239706
5240033
5242585
5243367
5244174
5245096
5245562
5246033
5249666
5249978
5250358
5250764
5252447
5252925
5253295
5254623
5256089
5257868
5258308
5258777
5259265
5260190
5260212
5260278
5261327
5262003
5262901
5263356
5265735
5266157
5266412
5267988
5268116
5268655
5268967
5273789
5273968
5274500
5275970
5277517
5279437
5279680
5280589
5281635
5285593
5289680
5290797
5291227
5291639
5292064
5292818
5297643
5297650
5297744
5299389
5299415
5299708
5299807
5300781
5301678
5302358
5303481
5304278
5305009
5306343
5306626
5306694
5307397
5307936
5311111
5312652
5313766
5313847
5313928
5315176
5315846
5317209
5318830
5318983
5319137
5319155
5320491
5320782
5321173
5321738
5321811
5324305
5326384
5333078
5334408
5334842
5335640
5336376
5337173
5337924
5338206
5339308
5340206
5340485
5340528
5340743
5341199
5341470
5341736
5342546
5342757
5343225
5344236
5345565
5347072
5352901
5353596
5355242
5355689
5357374
5357736
5357887
5359663
5360861
5361302
5362223
5363992
5366579
5367622
5369199
5370144
5371343
5371804
5373879
5377187
5377555
5378059
5379063
5380100
5381648
5382706
5382816
5382973
5383187
5383650
5385314
5385317
5385459
5388981
5389405
5390750
5392459
5392685
5392740
5393786
5394038
5396012
5396761
5396869
5401666
5401998
5402647
5403596
5403840
5405082
5406072
5407134
5408073
5408862
5409409
5409559
5410533
5411935
5413037
5413214
5414626
5416527
5418150
5418981
5419419
5419438
5421969
5422624
5422635
5424587
5425184
5425680
5426388
5427058
5427471
5428149
5430064
5431031
5431060
5433825
5433833
5434794
5435126
5435425
5436037
5436168
5437918
5439111
5439267
5439709
5440502
5440552
5441460
5441476
5441782
5442252
5442651
5447312
5448462
5449458
5450198
5452521
5452544
5452681
5454375
5456264
5456278
5457063
5459230
5459731
5461370
5461492
5463728
5464553
5464747
5466325
5470334
5470477
5470761
5471792
5473008
5473542
5474730
5474766
5475875
5477171
5478742
5482149
5482613
5483279
5483693
5484774
5484784
5485408
5485880
5488828
5489819
5491441
5494097
5495479
5497721
5499018
5499411
5500405
5502597
5504382
5507136
5507198
5507247
5507257
5508639
5509286
5510125
5510741
5511365
5511483
5511873
5512862
5513664
5514417
5516051
5516778
5517398
5517695
5517772
5518187
5519265
5519876
5520703
5521812
5523077
5523416
5523856
5527119
5527458
5528105
5531048
5532625
5532744
5534651
5536641
5536656
5537114
5537874
5539323
5540484
5541421
5541925
5542094
5542182
5542638
5542872
5543369
5544080
5545716
5546110
5548398
5548901
5550361
5553139
5553461
5553550
5553708
5553860
5554944
5555714
5556462
5558444
5558813
5559722
5560406
5560646
5561877
5561983
5565902
5566938
5568095
5568203
5568658
5568925
5569420
5569965
5572728
5574481
5574547
5574876
5575186
5576407
5577608
5577728
5578268
5579646
5580284
5581295
5581722
5582050
5584241
5585632
5587232
5587326
5587830
5588818
5589308
5592630
5593065
5596158
5598233
5598787
5602522
5602831
5604404
5606446
5609140
5609454
5609671
5609985
5610113
5610195
5612815
5613243
5613441
5613678
5613825
5614650
5615039
5620212
5621811
5625929
5630984
5635528
5637632
5637851
5638203
5638277
5639025
5640333
5640694
5641800
5642925
5644226
5645047
5647078
5647991
5651258
5653513
5657462
5657803
5659307
5660343
5660644
5660735
5660773
5662310
5664579
5665349
5665522
5666311
5670259
5673268
5673802
5674323
5674396
5675226
5675971
5676586
5677052
5677208
5677545
5678228
5678527
5679598
5679696
5680544
5680964
5682109
5682613
5682977
5683396
5683994
5684030
5684199
5684279
5684350
5684424
5684766
5685980
5687089
5687682
5687976
5688410
5688838
5689493
5690332
5691882
5693192
5695408
5695742
5695832
5698126
5698589
5698737
5698775
5700251
5700294
5702498
5703116
5703407
5704222
5704341
5705253
5707605
5709177
5709196
5709953
5710482
5710560
5711515
5711711
5712449
5713225
5713693
5713951
5714017
5715070
5716671
5717657
5718451
5720842
5720973
5721261
5721600
5723592
5724124
5725508
5726211
5726799
5726809
5727043
5727205
5727335
5727506
5728467
5728564
5729593
5730708
5731334
5731861
5732902
5733003
5734887
5735630
5735749
5736705
5736937
5737846
5738924
5738929
5739381
5739485
5740695
5740823
5740863
5741598
5742607
5744483
5745610
5745698
5748622
5749420
5749826
5750473
5750595
5750708
5751242
5753073
5753668
5754071
5754196
5756382
5757961
5757978
5758341
5760071
5761912
5762433
5762446
5763750
5765705
5770078
5772480
5773794
5774417
5774684
5775465
5777019
5777231
5778440
5778840
5778908
5779026
5779053
5780049
5781101
5781225
5781943
5786300
5786353
5786441
5786784
5787076
5787303
5787359
5787922
5788715
5790360
5791512
5793033
5797077
5798607
5800490
5801334
5807474
5807482
5809869
5810774
5810958
5812949
5813789
5815373
5817708
5819335
5821503
5822236
5825138
5825202
5826148
5826499
5828405
5828531
5828854
5829525
5829847
5830672
5830909
5831001
5831828
5832939
5833880
5834109
5840444
5841034
5841284
5842460
5844280
5846722
5846745
5847011
5847662
5848559
5848786
5849514
5849754
5850728
5854583
5855121
5856602
5856685
5857341
5859183
5861003
5861550
5861833
5863337
5864143
5864374
5865915
5866162
5866849
5868459
5869539
5870734
5871308
5872091
5872984
5873284
5873784
5874315
5875177
5875537
5876107
5876650
5877466
5877671
5878297
5879839
5885168
5885320
5886831
5887062
5887455
5890231
5890711
5893031
5895633
5895805
5895932
5897909
5899066
5903106
5904903
5905049
5905298
5905522
5905569
5905920
5905946
5906097
5907505
5907678
5908623
5909486
5910415
5917468
5921598
5923321
5923646
5924654
5925732
5926196
5926561
5927903
5929171
5929865
5932835
5934353
5934527
5934716
5934729
5936235
5937015
5939809
5941508
5942275
5943107
5943844
5945133
5946199
5946299
5946421
5947141
5948801
5950041
5951640
5952127
5953255
5954471
5954733
5955046
5955218
5955521
5957799
5958185
5958436
5958440
5960585
5960625
5960725
5963616
5966155
5966221
5966812
5967870
5967932
5968449
5969019
5969224
5973738
5974109
5974529
5975548
5976698
5977258
5977278
5979009
5979481
5980926
5985628
5986340
5987685
5987813
5988250
5988556
5988842
5990701
5990827
5991287
5991803
5992050
5993637
5994223
5995203
5995576
5996356
5996356
5996359
5997225
6002778
6004075
6004638
6006432
6007314
6008635
6010361
6010965
6012316
6012349
6012514
6012615
6015769
6017833
6019099
6019354
6020197
6020563
6022241
6023420
6023581
6023771
6027334
6028104
6029976
6032142
6032363
6032805
6032892
6033446
6034122
6034558
6035431
6038229
6039957
6042907
6043230
6044128
6044885
6045209
6046775
6047479
6047845
6048521
6051528
6051634
6054913
6055614
6055769
6055907
6058928
6059146
6059536
6059647
6061138
6062401
6062588
6062828
6063819
6064229
6064287
6064481
6064591
6065442
6066388
6066468
6066570
6067065
6067196
6067499
6072111
6073387
6073613
6073615
6074886
6075364
6075945
6076303
6079365
6080204
6080879
6083568
6085307
6085382
6085973
6086093
6086693
6086815
6087389
6088764
6088884
6089512
6091470
6092142
6092364
6094611
6094692
6096325
6097480
6099242
6100789
6101768
6103138
6104600
6104670
6104695
6105028
6106622
6106704
6109065
6109634
6113178
6113533
6113642
6113898
6114318
6115617
6116226
6116770
6117430
6119833
6122976
6123289
6124537
6124973
6125460
6126444
6127132
6127964
6128764
6129961
6129973
6131300
6131527
6131818
6132349
6135049
6135732
6135874
6137656
6138620
6139526
6140741
6141398
6143417
6143439
6143674
6143784
6144025
6147201
6149093
6154331
6154383
6155184
6155467
6156346
6156387
6157116
6160079
6161705
6162228
6163182
6163554
6165058
6165285
6165648
6166162
6167495
6167925
6170342
6171289
6171910
6172543
6172840
6173462
6173881
6174041
6174169
6174213
6175450
6176530
6177182
6177233
6178323
6179407
6179565
6180137
6180357
6180779
6181421
6183871
6185882
6186138
6187806
6188895
6189215
6189299
6189691
6190039
6190339
6191305
6191800
6193903
6195579
6196977
6197382
6198482
6199022
6200468
6202181
6202788
6204102
6204140
6204474
6204910
6205806
6205918
6207004
6207207
6208888
6210217
6211247
6211398
6211927
6212098
6213087
6213251
6215483
6215627
6217824
6217971
6218144
6219041
6219682
6220780
6221484
6221673
6221887
6222439
6222607
6222973
6223576
6223900
6226651
6227325
6227588
6230101
6232846
6235752
6235823
6236083
6236117
6238774
6240267
6242492
6243713
6244050
6247836
6248050
6250113
6251304
6252200
6252474
6252727
6253804
6255467
6255632
6256448
6256548
6260642
6263841
6264154
6264156
6264464
6267156
6268434
6269524
6270524
6272678
6273094
6274868
6275505
6275847
6277695
6279392
6279995
6280321
6283122
6283148
6283669
6287402
6288360
6288627
6289417
6290096
6290736
6292369
6293220
6295192
6295211
6296302
6296642
6296739
6297551
6298822
6298991
6299136
6300296
6300571
6302115
6302148
6304968
6305317
6305899
6306586
6307839
6308066
6308221
6308451
6309789
6311469
6312479
6312564
6313580
6313900
6314901
6315318
6316555
6317208
6321549
6322247
6323278
6323904
6324109
6325574
6326433
6327335
6329217
6329852
6329973
6331188
6331334
6334352
6334649
6335049
6335198
6336138
6336625
6337844
6339706
6339723
6343783
6343861
6345699
6346110
6346133
6347176
6347795
6350570
6350728
6353880
6356800
6358292
6360073
6360089
6363470
6363619
6364154
6364415
6364506
6366365
6366435
6366626
6367479
6367558
6368134
6368249
6368906
6369336
6371472
6371482
6372067
6372627
6372751
6373556
6373719
6373832
6374870
6377349
6377523
6378159
6378806
6378964
6379979
6382383
6382830
6383115
6385711
6386017
6386111
6386781
6387631
6388545
6389094
6389326
6389336
6389488
6389557
6389970
6392425
6394240
6394327
6396052
6396672
6397098
6397106
6398536
6398797
6399367
6400517
6400964
6401756
6402269
6402904
6404557
6405048
6405403
6406213
6406255
6407288
6409395
6409693
6409777
6412071
6413773
6414153
6415206
6415512
6415573
6415959
6418112
6418455
6418534
6419507
6419594
6419657
6423211
6423820
6424640
6424868
6425467
6426305
6426681
6426926
6427162
6429262
6431159
6431691
6432803
6434008
6434019
6435212
6435560
6436166
6436941
6437088
6439385
6439509
6440085
6441324
6443402
6444062
6445546
6447020
6448159
6448454
6449835
6451509
6451537
6453761
6453837
6454920
6455990
6456121
6456183
6457142
6457366
6458956
6459331
6459494
6460688
6461512
6463587
6464530
6466034
6466485
6467689
6468209
6471191
6471444
6471778
6472111
6473024
6473869
6473970
6475434
6476692
6478069
6478631
6478749
6480245
6480788
6481342
6482204
6482726
6484197
6484752
6485112
6485944
6486146
6486278
6487069
6487545
6487649
6487951
6489800
6489839
6490455
6491797
6491837
6491880
6491985
6493437
6493628
6493702
6494524
6496922
6498404
6498533
6499309
6499903
6500193
6500636
6501172
6507285
6508263
6508334
6508864
6509968
6511845
6512921
6515202
6515388
6516641
6517940
6521299
6521396
6521487
6521894
6521988
6522385
6522855
6523341
6524013
6526676
6526770
6527112
6527324
6528307
6528930
6529141
6530419
6530472
6530512
6532245
6532802
6535680
6537510
6537536
6537924
6538104
6539829
6540165
6541229
6541504
6542297
6542464
6545065
6545476
6546124
6547186
6547292
6547400
6548114
6548526
6549825
6551152
6551260
6552388
6555088
6555164
6555756
6555885
6558028
6559001
6559386
6560242
6560420
6562449
6562799
6565329
6566996
6567979
6568292
6569007
6569132
6570004
6573455
6574162
6575232
6575785
6577425
6579988
6580090
6580608
6583651
6583781
6585764
6585794
6586484
6587610
6592365
6592840
6594498
6595838
6596791
6597243
6597321
6598033
6600049
6600460
6601175
6601284
6601371
6601713
6601984
6603420
6606911
6609097
6609810
6609833
6610005
6611533
6615806
6615928
6617289
6618108
6618657
6619213
6619387
6619866
6620242
6622996
6623082
6623108
6623191
6623294
6624422
6624918
6625123
6625439
6625581
6626882
6626902
6627324
6627603
6629886
6629981
6630154
6630205
6634838
6635392
6636397
6636760
6637500
6638393
6639856
6640434
6640989
6641322
6642424
6643274
6644463
6644559
6644565
6644592
6646152
6646243
6647216
6648179
6649670
6650347
6650351
6650933
6655385
6656153
6660649
6661053
6663004
6663384
6663479
6663831
6665147
6665308
6667854
6668147
6668544
6669287
6673748
6675910
6676332
6677986
6678850
6679196
6679621
6680223
6681840
6682071
6682537
6684545
6684838
6684953
6686730
6688049
6688420
6689762
6690756
6691646
6692181
6692753
6693201
6693318
6693400
6694160
6695669
6697090
6697417
6697548
6698807
6700911
6701171
6701671
6704681
6704974
6706514
6708419
6708543
6708917
6709101
6710734
6711375
6712957
6713073
6713987
6714834
6715232
6715838
6718618
6718781
6719418
6720422
6720687
6722359
6722712
6722993
6723109
6723236
6727577
6727959
6728973
6729159
6729285
6729808
6730144
6730938
6731312
6734396
6734674
6735013
6735745
6735754
6736159
6736294
6737692
6740091
6740610
6741348
6741879
6742385
6742926
6743301
6744155
6745576
6746795
6746971
6747576
6747980
6748063
6748093
6748785
6750435
6750632
6750671
6751696
6752313
6752394
6752697
6754118
6754341
6754796
6755709
6756448
6758438
6758897
6760489
6762920
6766427
6766576
6766635
6768151
6770204
6771261
6772292
6772552
6773004
6773450
6774320
6774926
6775730
6775735
6775777
6775795
6777309
6780377
6780622
6781712
6781961
6782439
6782834
6782973
6783033
6783172
6783550
6783909
6784881
6786989
6787261
6787973
6789237
6789969
6791180
6791266
6793390
6793447
6794399
6794433
6795466
6796034
6796406
6798137
6798532
6798794
6799902
6800278
6800696
6802137
6803466
6803944
6804986
6805154
6806730
6806860
6806918
6807924
6808420
6808687
6810566
6810796
6812069
6812198
6814068
6814713
6815257
6818213
6818767
6820417
6820538
6820568
6821003
6821648
6822245
6822481
6826550
6827733
6828950
6829898
6830587
6830597
6832080
6832874
6833492
6834015
6834332
6835413
6836321
6838779
6839084
6839620
6840387
6840559
6841055
6841406
6841658
6841749
6842311
6842641
6844070
6844167
6844233
6845643
6845660
6846022
6848505
6850900
6851556
6852464
6853413
6857969
6859217
6859432
6860173
6860505
6860640
6860762
6862748
6863419
6864233
6866872
6867361
6869419
6872399
6875471
6875618
6875973
6876148
6881575
6882430
6885616
6887720
6887870
6889818
6891229
6893524
6894584
6897232
6897732
6897918
6898121
6898602
6898737
6899032
6899848
6901631
6901882
6902176
6902419
6902824
6903228
6905316
6906834
6907156
6907323
6915266
6916945
6917459
6917756
6920162
6921172
6921924
6922321
6922616
6923341
6923378
6924528
6925532
6926326
6927232
6927485
6927630
6929502
6931218
6931312
6931608
6932460
6933892
6934081
6936240
6936493
6936518
6936670
6937688
6940169
6940623
6941737
6943163
6944942
6945245
6945935
6946045
6946132
6947945
6948323
6949104
6951575
6951635
6952500
6953308
6954234
6956136
6956360
6956374
6956684
6957756
6958226
6959217
6960392
6960811
6961742
6962814
6963041
6963502
6964371
6965595
6965893
6966021
6966944
6967943
6968576
6970363
6972969
6973792
6975695
6975770
6977111
6977701
6980267
6980492
6981438
6982574
6984524
6985607
6985814
6985990
6986708
6986905
6987530
6987799
6988683
6988841
6990382
6991090
6992768
6993099
6993309
6994652
6994792
6995029
6995285
6995430
6996438
6996449
6996687
6996819
6997403
6998768
6998888
7005871
7006163
7007116
7007881
7007977
7008427
7009015
7011436
7012384
7013533
7013957
7014981
7016871
7017049
7017857
7019907
7021419
7024001
7024345
7024520
7024668
7027540
7027816
7030507
7032590
7033907
7034721
7035345
7037594
7038035
7038407
7039473
7039960
7040171
7040687
7040954
7044206
7044843
7047354
7050286
7050497
7050818
7051156
7053131
7054295
7056668
7056779
7057041
7057279
7058124
7058998
7061263
7063291
7064155
7065964
7066176
7067399
7068979
7069179
7070389
7070416
7072505
7075180
7076011
7076077
7076316
7077503
7078516
7078724
7078801
7081134
7081499
7081724
7082269
7085684
7085882
7086346
7087616
7088457
7088599
7089612
7090309
7093704
7094055
7095408
7096214
7097059
7099442
7099838
7099928
7100114
7100207
7100830
7101942
7102565
7103263
7103713
7105483
7105950
7106480
7108230
7108454
7109823
7110650
7113011
7114526
7115208
7115262
7116319
7121376
7121484
7121687
7122734
7123132
7123199
7124948
7125719
7127137
7127570
7127838
7128071
7128114
7133692
7134170
7134335
7137599
7137880
7137918
7138873
7139880
7140069
7141279
7141321
7141605
7145001
7146270
7146719
7147739
7147948
7149562
7151771
7154026
7154393
7156288
7158462
7158903
7159016
7159972
7160055
7160621
7162014
7162204
7163766
7163964
7164339
7164464
7164980
7167272
7169333
7172018
7173345
7174188
7176288
7178322
7179797
7182084
7185829
7186312
7186876
7188682
7190892
7191510
7191592
7192276
7195259
7195335
7196294
7196430
7196488
7201309
7204212
7204315
7204341
7205879
7206032
7207770
7208098
7208610
7210180
7210486
7211601
7213420
7213581
7213589
7214078
7215107
7215703
7216178
7219512
7219809
7221568
7224075
7225303
7225378
7226496
7227267
7228003
7228985
7229113
7229385
7229904
7231268
7231635
7232652
7233253
7233957
7236026
7236395
7237360
7238072
7238212
7238412
7238796
7240541
7247762
7247902
7248900
7251432
7251794
7251984
7252944
7253208
7253693
7253776
7254361
7255609
7255610
7256359
7257706
7257806
7258052
7258068
7259325
7261144
7261400
7262141
7263554
7264015
7265393
7266387
7267064
7268376
7268528
7268627
7268958
7269260
7269383
7270155
7270954
7271680
7273024
7275143
7275857
7276099
7277574
7281526
7282181
7285427
7290360
7291407
7292146
7295078
7295108
7295161
7295321
7296186
7299013
7299963
7301805
7302047
7302149
7302303
7306943
7308184
7310583
7311944
7312892
7313620
7314495
7314827
7316429
7318912
7320379
7321416
7322025
7323472
7323840
7324769
7326634
7326977
7327076
7327369
7327506
7328075
7330803
7333486
7336533
7340603
7340960
7341845
7343338
7344564
7344658
7345405
7348025
7352483
7353092
7353806
7354829
7356220
7356687
7358535
7359021
7359159
7359986
7360993
7361483
7361906
7363476
7364927
7365686
7365781
7366826
7369435
7369995
7370558
7370764
7371383
7371836
7373678
7374614
7374874
7375745
7376194
7376511
7376623
7377358
7378370
7378497
7378696
7379385
7379935
7381755
7381988
7382742
7384005
7384671
7384743
7386249
7388041
7389215
7389567
7390353
7390726
7392957
7394475
7396219
7397916
7398258
7398452
7398600
7401095
7401304
7402932
7403173
7403476
7403755
7406401
7407885
7408045
7408185
7411588
7413973
7414423
7415790
7415987
7416096
7416349
7416746
7416774
7417788
7419057
7419841
7421356
7423707
7424042
7424043
7424216
7424386
7424758
7425033
7425111
7427461
7427504
7428021
7428660
7428803
7430129
7431586
7431627
7434795
7435311
7435784
7436058
7436285
7437814
7439375
7441048
7441513
7441739
7443429
7445132
7445810
7445989
7446224
7450901
7451029
7452143
7453012
7454427
7455373
7456428
7458014
7459016
7461720
7462065
7462549
7464372
7464478
7466022
7466566
7466863
7467361
7469457
7469703
7470277
7470896
7471522
7472275
7474612
7474903
7475305
7476274
7476346
7476698
7477351
7478526
7478534
7479717
7480835
7481028
7483280
7484872
7486455
7486463
7488018
7488253
7489064
7489317
7490153
7496991
7497365
7498782
7500508
7500842
7501313
7501842
7504741
7505164
7505883
7505913
7506918
7507403
7508117
7508909
7509094
7509838
7511285
7512068
7512228
7512343
7513465
7513493
7513938
7513991
7515278
7515664
7516072
7516129
7517106
7517869
7518639
7520934
7520956
7521306
7522024
7522377
7523395
7523398
7524611
7525156
7525404
7525784
7526523
7527590
7528486
7528964
7529066
7530337
7531861
7532878
7533631
7533808
7534677
7535790
7536048
7537655
7538382
7540086
7540164
7540668
7543998
7544372
7544524
7546518
7547220
7547650
7548212
7549447
7550220
7550679
7550900
7551052
7551739
7553049
7553321
7554215
7556379
7558386
7558504
7561929
7563737
7565339
7566902
7567644
7568377
7571051
7572208
7574720
7575263
7575483
7575794
7576849
7577268
7577880
7578430
7579266
7581973
7583199
7585082
7585088
7585376
7585889
7586780
7587045
7587158
7588059
7588995
7589379
7589519
7590166
7591118
7592605
7592688
7593145
7594433
7594752
7594845
7595463
7597082
7599591
7602755
7603346
7605010
7606787
7607234
7607491
7614605
7615021
7615246
7615331
7617320
7618253
7619615
7619689
7621244
7621351
7623487
7623715
7624251
7628150
7628479
7629081
7629704
7629952
7630007
7630164
7631215
7632373
7632376
7632914
7634476
7635216
7635633
7636036
7636212
7637781
7638148
7639459
7640095
7640503
7640562
7641626
7641697
7643401
7643447
7643719
7643729
7645667
7646022
7646031
7646253
7647196
7647557
7649281
7649804
7651931
7654071
7654341
7654881
7654995
7656876
7656937
7657870
7658000
7659021
7659567
7660678
7660878
7662982
7663346
7663443
7664777
7665393
7667508
7667571
7667647
7671076
7671728
7672953
7673031
7673122
7673530
7673730
7674740
7674874
7676079
7676379
7676433
7676571
7677272
7677979
7678400
7678752
7679409
7679617
7680359
7682081
7683671
7685962
7686648
7687896
7688907
7689311
7689713
7689822
7691767
7692806
7692903
7693204
7693552
7696827
7697201
7698273
7698845
7699145
7699739
7699889
7700547
7701205
7702845
7704102
7705274
7705676
7708008
7709104
7709274
7711608
7712682
7712924
7712948
7713770
7714794
7715215
7715726
7716170
7716263
7718131
7718657
7721664
7722421
7722542
7723059
7723251
7724708
7725986
7726534
7726577
7728740
7729314
7730371
7731023
7732312
7732853
7733201
7734167
7735439
7737751
7738673
7739589
7739715
7741725
7744162
7745369
7745913
7745976
7746893
7749509
7750990
7752697
7754186
7754749
7755324
7757094
7757128
7758197
7758506
7759928
7761114
7761206
7761575
7761971
7762268
7763113
7764500
7765071
7767096
7767197
7767563
7768888
7769054
7769449
7769924
7770179
7770761
7771038
7771518
7772135
7772652
7773813
7774792
7776322
7777321
7778598
7778901
7779411
7779634
7780543
7782150
7782787
7783619
7783757
7784247
7784951
7785832
7785952
7786844
7787227
7787847
7789816
7791038
7791783
7795247
7796045
7797129
7797985
7797989
7800168
7800629
7801904
7802479
7802580
7802982
7803092
7805911
7813622
7815469
7815862
7816090
7816970
7817461
7817924
7818638
7820551
7822578
7823100
7824632
7824809
7825445
7825675
7826626
7826847
7827268
7830684
7831148
7832131
7837770
7838175
7838484
7838648
7839590
7839912
7841641
7841936
7844314
7844878
7844931
7845161
7846393
7847317
7847475
7848361
7848682
7849502
7850457
7850476
7850527
7850784
7852569
7854104
7854990
7855917
7856531
7858657
7858673
7861846
7862690
7863559
7865087
7866802
7867161
7867248
7867582
7869294
7869672
7871462
7872052
7872343
7872358
7873629
7874894
7874902
7877808
7878621
7878920
7878996
7879424
7879648
7879675
7881215
7881381
7881803
7882737
7883225
7883838
7884314
7886754
7887505
7887974
7888696
7889473
7891890
7893151
7894155
7895091
7897928
7898073
7898090
7899673
7899879
7900429
7901562
7903018
7903324
7903599
7904354
7907170
7910574
7911331
7912580
7912882
7914796
7915254
7916389
7916557
7917090
7918297
7918420
7918778
7919099
7919218
7920137
7920316
7921573
7921826
7922826
7923119
7926128
7928341
7929507
7930406
7931686
7932473
7934922
7939731
7940017
7940650
7941393
7943584
7943689
7944401
7944787
7945202
7945430
7946394
7946844
7947723
7948518
7949371
7949391
7951231
7951493
7953399
7953970
7953994
7956426
7957426
7957507
7957545
7958574
7958605
7966600
7967492
7968775
7969591
7970843
7973283
7976086
7976523
7976749
7977431
7978545
7981742
7981779
7982100
7982650
7982800
7983602
7984046
7984476
7985669
7989247
7989394
7989988
7990556
7990608
7991179
7994639
7994666
7995835
7996511
7997566
7997617
7999113
7999456
7999750
8000410
8001335
8001493
8002223
8003419
8006373
8006563
8007457
8007600
8010758
8011505
8012669
8013557
8013801
8014109
8014879
8015644
8015988
8016650
8018920
8019931
8022052
8022346
8022381
8023253
8023263
8023968
8024571
8025042
8025410
8027745
8028629
8029194
8029430
8029548
8029722
8030627
8030854
8032264
8033161
8034276
8034287
8035554
8036036
8036115
8037858
8039719
8040387
8040911
8041498
8042388
8044484
8047586
8048292
8049592
8050293
8050792
8051008
8054604
8056232
8057120
8057430
8057446
8057882
8058782
8060241
8060310
8060608
8060649
8060856
8061648
8061984
8063586
8063697
8064239
8064509
8065781
8065895
8067775
8068111
8068937
8069033
8069448
8070750
8070960
8071511
8071536
8071627
8071881
8072608
8075665
8075695
8076206
8077946
8078620
8078905
8079196
8079994
8080719
8081690
8081898
8082161
8084899
8085651
8086987
8089945
8090063
8090229
8090232
8091156
8092368
8093150
8095719
8095730
8095793
8095954
8098875
8098880
8099074
8099977
8100996
8101681
8102179
8102395
8102542
8103130
8103363
8105505
8105789
8107068
8107446
8108841
8108961
8109305
8110766
8110774
8110897
8113618
8113949
8115940
8117957
8120529
8121876
8121929
8122310
8123544
8123851
8124086
8125019
8125192
8125404
8126753
8127496
8128621
8128774
8128896
8130666
8130767
8131448
8132086
8133714
8137611
8138285
8139762
8141549
8142249
8143848
8144678
8144718
8146783
8147684
8149199
8149659
8150824
8151730
8152925
8154139
8154886
8154891
8157185
8158096
8158373
8158769
8158963
8159369
8159779
8160174
8161505
8161755
8163903
8164364
8164865
8165657
8168660
8169877
8170179
8171791
8172282
8172580
8173193
8173859
8175410
8175695
8177745
8178025
8178539
8183165
8183710
8185526
8189325
8189729
8190453
8190696
8190844
8191657
8191831
8192836
8193196
8196521
8198056
8198242
8201350
8203918
8204851
8205497
8205606
8205649
8206724
8208037
8209211
8210492
8210791
8211908
8214442
8215193
8216198
8217504
8218009
8218061
8219274
8219380
8220533
8222018
8222649
8224197
8224310
8225105
8226075
8226119
8227453
8227680
8228396
8229383
8230177
8230384
8231378
8231504
8231661
8234269
8235534
8237328
8238021
8238091
8238818
8239339
8240267
8240837
8241239
8241540
8245271
8245548
8247729
8250584
8250600
8251446
8251678
8252538
8254300
8254442
8255497
8258125
8259279
8259650
8260554
8261074
8261590
8262650
8263258
8266463
8267675
8267863
8267947
8268949
8269067
8270005
8270251
8271379
8272574
8272918
8272990
8273391
8274295
8274824
8276429
8277183
8277328
8278310
8278830
8279759
8281331
8281340
8286331
8286970
8289467
8291491
8291582
8294973
8296058
8296223
8296371
8299042
8301413
8301431
8302868
8303225
8303604
8304129
8311901
8312568
8313758
8314101
8315966
8316577
8317400
8319420
8319731
8320019
8320440
8321917
8321946
8324348
8330283
8330510
8333119
8333611
8334422
8334744
8338527
8338868
8339461
8340315
8340883
8341232
8343192
8344705
8344756
8346180
8346760
8351993
8353572
8355107
8356072
8356626
8357634
8357969
8358254
8359352
8361560
8362402
8363075
8365053
8365753
8366243
8367159
8368233
8368333
8370679
8371705
8372547
8373154
8373509
8373704
8373898
8374111
8374142
8374367
8376671
8376993
8377465
8377662
8380481
8380769
8381023
8382627
8382931
8383641
8383836
8388459
8388737
8390375
8390463
8390812
8392122
8392840
8392898
8393260
8393905
8395678
8397397
8399153
8399385
8399709
8400270
8402251
8404441
8405022
8407331
8409668
8411833
8411945
8413025
8414782
8415665
8417335
8418452
8419174
8419392
8421114
8421700
8422339
8424734
8426378
8429321
8429525
8430612
8431184
8431238
8431428
8432881
8433216
8434572
8436895
8437570
8440634
8440725
8440994
8443180
8444382
8444879
8446684
8447695
8448654
8449671
8450047
8450634
8450893
8451643
8451972
8452622
8454132
8454147
8454211
8454561
8455005
8455762
8455825
8457339
8459362
8460554
8460958
8461346
8461687
8464250
8464491
8464599
8464669
8465701
8466244
8466494
8467403
8467752
8468633
8470051
8470148
8471213
8473094
8473739
8475750
8476152
8476427
8476788
8478979
8482532
8483044
8483841
8484354
8485314
8485830
8486219
8489932
8491014
8491940
8493620
8494724
8495323
8496400
8497110
8497326
8498016
8498370
8499463
8500136
8500290
8500737
8500868
8503094
8503826
8506136
8507759
8509461
8509715
8514039
8515556
8517287
8517614
8518316
8521414
8525192
8527549
8528810
8529410
8530556
8534293
8534324
8534359
8534768
8534847
8535946
8537063
8538188
8538325
8539543
8540671
8541581
8543495
8545288
8546699
8547440
8547972
8552394
8553574
8554264
8554583
8555125
8556006
8556300
8560199
8560217
8560258
8561153
8562727
8563834
8564531
8564885
8565012
8566458
8566968
8568965
8569079
8570339
8572074
8572583
8573496
8573680
8574765
8579151
8580613
8580941
8582534
8584026
8584540
8585816
8587760
8587824
8588201
8589364
8594034
8595123
8596106
8600651
8600660
8601047
8602566
8602991
8603251
8603597
8603717
8605420
8605832
8606067
8607780
8608093
8608515
8609442
8610662
8611275
8611771
8614646
8616109
8616128
8616263
8619926
8620156
8620286
8621122
8621566
8622236
8623829
8624787
8625056
8625207
8625249
8627163
8627308
8627965
8628855
8629466
8629859
8630280
8632543
8633176
8634194
8634437
8635179
8636194
8636284
8636697
8637771
8638866
8640617
8641806
8642272
8643591
8644580
8646640
8646944
8646992
8647204
8648957
8651953
8652159
8652163
8656999
8657146
8658076
8662017
8662186
8663770
8663915
8664277
8664753
8666945
8668364
8669023
8670220
8671732
8672501
8672563
8672868
8676088
8677748
8679397
8682505
8683042
8683602
8684093
8684454
8685914
8686259
8686351
8689480
8689677
8693400
8694097
8694206
8694538
8695000
8696235
8697647
8698335
8699448
8703682
8704338
8704979
8705024
8705514
8705680
8706170
8706310
8706627
8707102
8708188
8708221
8708568
8708638
8708910
8709816
8709823
8710772
8711586
8713214
8714780
8715385
8716798
8717449
8717528
8717688
8719518
8721173
8723128
8723235
8724051
8724915
8726552
8728246
8729463
8731286
8731530
8732218
8732318
8732413
8734014
8735312
8737255
8738475
8739473
8739859
8740582
8742095
8745316
8746250
8746581
8746793
8746880
8748761
8750853
8751719
8752820
8753604
8754117
8754415
8756110
8757824
8761277
8761898
8762132
8762403
8762882
8763553
8763850
8765751
8765996
8766066
8766655
8769963
8771408
8771708
8772285
8773381
8773727
8775724
8776751
8777107
8778229
8779907
8780868
8781107
8781680
8781830
8783119
8783625
8783971
8785263
8785736
8785759
8786877
8790836
8790925
8791026
8792674
8793850
8794210
8794370
8795966
8796797
8797066
8798083
8798868
8799669
8800975
8802175
8802851
8803100
8806827
8807047
8807843
8808443
8809297
8809895
8811193
8812320
8814188
8815701
8815900
8816844
8817019
8818630
8819527
8823044
8823501
8824274
8824673
8826635
8828936
8829682
8829877
8831474
8831903
8832960
8834601
8835872
8835932
8835977
8836259
8836303
8836648
8836792
8837403
8837524
8837566
8837762
8838410
8839769
8840397
8841194
8841918
8842554
8843327
8844310
8845488
8846202
8848671
8849455
8850883
8851351
8851764
8852293
8852297
8852344
8854893
8855322
8855965
8857716
8859021
8859761
8860620
8860752
8861576
8861658
8861742
8862220
8862860
8864042
8864443
8864721
8864913
8865086
8865974
8866445
8867590
8869245
8869953
8870303
8872229
8873130
8873723
8874207
8877974
8878870
8879091
8880738
8880904
8882476
8882754
8883190
8885387
8885714
8886390
8886398
8890352
8891744
8892031
8892395
8892836
8893708
8894503
8895042
8896416
8897095
8897138
8898800
8899699
8899967
8901587
8902036
8903196
8903431
8903869
8904173
8904682
8907981
8908147
8908149
8908421
8911159
8913205
8914091
8914681
8914765
8916563
8917808
8918257
8920189
8920635
8921557
8923200
8924685
8925306
8925587
8926302
8926971
8927042
8927397
8927911
8927919
8929175
8929840
8929923
8931317
8932235
8932316
8932746
8932875
8934065
8934694
8936834
8936862
8936981
8937478
8938092
8941517
8942777
8942958
8943546
8944428
8945158
8945179
8945887
8946501
8948196
8948721
8949563
8949892
8951563
8952882
8953252
8953567
8954082
8954741
8955200
8955483
8957184
8958444
8958764
8960335
8960505
8964679
8965004
8965780
8966592
8966650
8968308
8968538
8968845
8968890
8969473
8969820
8972163
8975555
8975710
8976276
8976844
8977294
8977478
8978229
8978785
8979575
8979849
8981077
8983396
8985135
8985612
8985979
8988944
8989519
8989569
8989901
8992007
8993755
8996455
8998101
8998176
9001067
9003175
9003586
9003636
9003666
9003717
9004741
9008791
9012137
9012702
9013310
9016799
9020730
9023788
9026403
9027608
9027994
9029902
9030242
9030761
9030808
9030943
9031849
9032435
9032841
9033080
9035236
9037018
9039028
9041038
9041131
9043247
9045078
9046758
9047156
9048027
9048050
9049542
9050317
9050867
9051494
9052083
9053878
9053947
9054982
9055029
9055841
9056425
9057299
9058195
9058906
9059586
9061022
9061992
9062107
9062246
9062255
9062323
9063583
9064537
9064776
9066026
9066813
9068385
9068583
9069163
9069176
9069728
9070411
9070476
9071731
9072612
9073087
9073708
9077230
9077250
9077535
9078201
9078232
9078488
9078845
9080744
9080782
9081189
9082644
9082796
9082872
9083994
9086469
9087072
9089090
9090582
9090970
9092612
9093178
9093967
9096043
9096184
9096819
9096971
9098943
9099027
9099586
9100031
9100920
9100942
9101096
9101208
9101682
9101810
9101819
9101982
9103912
9105661
9105728
9105773
9108254
9108455
9108464
9110226
9113349
9113393
9116232
9116444
9116519
9116962
9118048
9119924
9120128
9123637
9125546
9125985
9126130
9126152
9126456
9127712
9129472
9130318
9132934
9137043
9137840
9138665
9139996
9140414
9140469
9141430
9141875
9142607
9145658
9146071
9146673
9148932
9150907
9151785
9152609
9154018
9155002
9155520
9155603
9156832
9157366
9157715
9158649
9158692
9158781
9161239
9161995
9162038
9162839
9164565
9164951
9166275
9166325
9166638
9167459
9170443
9170464
9171646
9172277
9173508
9173952
9175588
9176396
9176466
9177229
9178365
9179488
9180011
9181295
9181475
9181669
9181733
9182556
9182699
9185192
9185500
9185527
9187674
9189023
9189637
9189670
9190920
9191748
9191889
9192688
9192706
9192865
9193699
9195113
9195191
9195408
9196731
9198019
9198522
9199864
9199904
9199908
9200166
9200722
9201529
9204117
9204532
9206398
9207893
9208018
9208020
9208202
9209167
9210458
9210862
9213100
9214656
9214950
9215509
9218131
9218391
9218946
9219860
9221217
9222490
9222908
9225817
9226993
9228364
9228731
9230556
9231082
9231703
9232962
9233619
9236402
9239236
9239823
9239932
9242316
9243034
9243304
9243619
9244522
9244762
9245676
9248353
9248558
9249715
9249816
9251077
9251183
9251554
9253484
9254081
9254266
9255289
9255393
9255918
9257014
9259328
9259344
9259372
9259886
9260148
9260149
9261827
9262889
9263174
9264920
9267020
9268704
9270163
9270926
9271898
9273258
9273912
9275446
9275841
9278987
9280542
9280635
9280977
9282436
9283889
9284076
9284509
9285232
9285310
9285822
9286286
9286970
9287351
9287742
9288670
9290499
9291386
9291466
9292335
9292623
9293961
9296884
9297174
9302155
9303905
9304085
9305465
9307186
9307445
9307929
9308416
9308830
9311495
9312385
9312414
9314029
9314843
9314925
9315361
9315709
9318109
9318247
9319250
9319403
9319680
9320191
9320370
9322497
9322836
9322943
9323658
9324619
9324718
9325757
9325820
9327428
9329005
9329956
9332496
9333249
9334651
9334752
9336695
9336808
9337391
9337526
9338139
9338145
9338162
9338401
9338565
9339495
9339938
9340798
9341455
9341460
9344504
9344926
9345113
9346804
9346918
9347388
9348325
9348803
9351691
9352696
9352843
9354241
9354385
9354929
9356539
9358174
9359667
9359718
9360943
9361373
9362228
9363231
9363675
9364165
9365460
9366174
9366814
9371370
9371562
9371774
9373015
9373950
9374886
9374986
9375165
9376547
9380629
9380771
9381159
9382254
9384284
9386590
9388312
9389656
9391142
9391943
9392058
9393618
9396452
9396972
9397285
9398556
9399065
9399673
9400101
9400285
9400834
9401058
9401524
9401906
9404436
9406398
9407864
9408176
9408408
9408657
9409159
9409866
9409984
9410262
9412642
9413020
9413756
9414834
9415768
9415983
9416371
9418850
9419672
9420228
9421241
9423582
9424870
9425317
9425321
9426160
9428058
9429183
9431621
9433677
9433905
9434420
9434860
9436534
9437552
9440650
9442405
9443862
9444112
9444561
9444984
9445295
9445822
9449976
9450390
9451440
9451490
9451806
9453687
9455211
9455244
9456958
9457911
9461049
9461592
9462662
9463631
9464717
9465291
9467546
9467809
9468302
9470673
9470708
9472818
9473555
9474179
9474656
9475295
9475634
9475952
9476933
9477204
9478192
9478328
9480440
9482487
9483536
9483861
9483938
9484246
9485783
9488185
9489442
9489608
9490055
9490862
9491008
9492038
9492982
9493624
9493870
9494965
9495061
9495907
9496423
9496510
9496583
9496659
9497982
9498677
9501142
9501218
9501270
9501275
9501657
9502949
9503087
9503686
9503830
9503848
9504082
9506827
9507157
9507332
9507671
9508978
9509745
9510995
9511451
9513258
9513786
9515204
9516490
9516864
9516979
9520433
9521292
9522271
9522894
9523333
9523894
9525072
9525213
9526060
9526091
9526844
9527062
9527919
9528300
9529423
9530087
9530139
9530396
9532269
9533447
9533762
9536148
9536318
9536453
9537319
9538295
9538324
9538383
9541265
9541368
9541689
9543885
9544792
9545559
9545881
9546480
9546836
9547732
9548079
9548792
9550784
9552115
9553156
9554730
9555009
9556469
9556834
9557193
9557257
9558460
9559060
9560044
9562308
9563283
9563722
9564400
9565707
9566016
9567382
9567400
9569827
9570163
9570578
9572191
9573471
9574305
9574676
9576456
9576851
9579098
9581932
9582645
9587026
9587849
9588940
9589151
9591991
9592022
9593001
9593225
9593741
9594136
9595078
9596269
9598214
9598835
9601694
9602279
9602711
9602764
9602923
9603060
9604930
9605164
9605731
9606006
9608567
9611794
9612021
9612706
9613928
9614262
9614445
9615911
9616528
9618124
9618579
9620118
9621393
9622303
9622428
9622783
9623020
9623420
9623769
9624483
9625860
9626209
9627484
9629643
9632165
9632759
9632863
9634643
9635819
9636351
9636700
9637561
9638650
9639085
9639507
9640488
9640497
9640817
9641493
9643066
9644925
9645594
9645798
9646358
9649971
9652453
9653798
9654378
9654776
9655849
9660252
9661034
9663109
9664330
9664492
9667509
9668201
9668543
9669204
9669284
9671678
9673045
9673596
9674297
9674748
9675029
9677184
9678642
9680752
9681134
9681960
9682183
9682461
9682627
9682775
9688768
9689205
9689394
9689415
9691559
9692396
9692473
9693921
9695488
9696203
9696800
9698774
9698779
9700578
9701567
9701781
9702207
9702628
9703712
9704081
9705217
9705450
9706737
9706746
9706782
9707225
9708208
9708398
9709402
9711055
9711254
9712370
9712768
9714436
9717321
9718559
9719336
9719366
9720118
9720175
9722258
9724770
9725346
9726355
9727046
9727767
9728783
9728868
9731603
9733241
9735489
9736377
9737245
9739689
9740060
9740152
9742969
9744207
9744275
9746743
9748703
9749282
9749432
9750284
9750407
9750954
9751671
9752236
9752936
9753640
9753797
9754123
9754684
9756154
9759217
9760165
9760352
9761216
9761433
9761514
9762261
9762536
9765232
9766247
9767679
9768684
9771165
9772150
9774733
9775125
9775315
9775677
9776251
9776261
9778577
9779009
9779032
9780307
9781354
9781851
9782563
9783200
9785842
9786889
9787483
9787773
9788118
9788313
9789919
9791553
9792857
9792945
9794012
9794160
9795214
9802581
9803932
9804494
9804984
9807258
9807644
9808946
9809127
9812159
9814845
9815140
9815548
9816256
9816563
9817646
9818330
9819055
9820376
9820692
9821542
9821977
9822360
9823495
9824355
9824580
9826266
9826498
9826535
9826844
9828993
9829144
9830223
9830426
9830601
9831721
9832230
9833905
9833916
9834201
9834236
9834492
9835328
9836186
9836456
9836769
9843430
9843591
9843926
9844969
9846188
9846458
9848191
9849648
9849882
9850189
9851557
9853530
9856673
9856835
9856923
9857444
9858339
9860889
9862440
9864171
9864220
9864681
9864940
9864946
9867557
9867675
9868021
9868047
9868478
9868813
9869218
9869254
9869975
9870883
9872603
9874849
9875843
9876607
9878661
9879019
9879112
9880816
9881854
9881989
9882598
9882977
9883235
9884232
9889749
9891264
9892722
9893634
9894175
9894324
9894409
9895192
9897745
9898229
9900450
9901502
9901949
9902489
9902653
9904648
9907685
9908015
9909105
9909306
9909318
9909715
9910108
9911621
9912932
9915125
9916250
9917290
9920838
9920968
9921023
9922066
9922342
9922511
9923498
9923913
9927259
9927640
9928223
9928724
9929866
9931665
9932232
9932412
9933989
9934052
9934498
9935002
9935584
9936060
9936417
9937030
9937401
9937659
9938634
9940117
9940831
9941000
9941971
9943425
9945191
9945279
9948011
9951991
9952503
9953202
9953863
9954477
9957418
9960064
9961186
9962144
9962408
9962862
9963119
9963201
9963947
9967185
9970921
9973521
9973776
9974729
9975245
9975461
9975918
9976590
9977221
9977395
9978123
9978523
9979513
9982185
9986615
9987039
9987573
9987670
9991798
9992039
9992918
9995409
9996401
9996608
9997866
9999668
9999929
